9.70546
9.80154
8.29474
6.85793
6.9957
7.51591
7.40924
8.79536
9.01087
6.36393
7.54858
9.9749
8.98
7.69143
6.24226
5.76502
8.44147
9.65191
6.30456
7.34003
6.73238
8.51982
6.41309
7.64385
9.21227
6.93509
8.53785
8.7148
6.47991
9.65737
8.85443
4.93606
8.41811
8.09007
4.50788
4.84295
9.99217
8.61961
9.97681
9.66709
8.83797
5.93935
7.8765
8.58421
7.20886
9.20946
7.73447
9.25242
7.42549
8.38555
6.29008
5.5102
8.08463
4.96004
7.58951
7.76578
9.09646
7.32928
9.89611
9.87615
9.0433
7.6069
9.30229
9.64224
5.46935
9.04057
5.68391
7.77546
8.72696
3.07375
8.8935
8.04596
8.43014
8.55884
9.19825
7.65483
7.61004
7.32248
9.42082
4.88915
9.72485
6.10053
9.71425
9.42864
9.54204
8.59504
6.59092
9.65003
8.5202
6.77998
5.36811
8.26134
8.73224
8.82627
9.15731
9.81775
8.30954
6.96547
2.40842
7.91875
8.62585
8.09156
9.12339
7.22636
3.7601
7.48995
6.83721
8.72917
6.4489
9.21881
8.93893
6.55365
5.93426
5.41525
9.22078
9.64466
8.22969
7.14469
8.25189
9.76733
9.25069
8.81986
4.45212
6.9716
7.42952
2.24501
4.01475
7.72236
9.41331
7.2053
9.91023
6.85397
3.55257
9.40159
7.78679
8.34293
9.21097
9.82462
6.60936
6.49471
4.30672
5.66712
8.38297
6.24224
4.27882
6.44602
9.27114
5.96244
3.91743
9.44132
6.93695
9.52926
6.68982
7.55735
7.2866
6.42032
8.02085
9.51523
9.89216
7.47045
8.2856
8.85599
9.49759
9.14507
8.40238
6.99092
9.41954
6.67548
6.49814
3.16788
9.33381
8.11245
6.98823
8.38524
6.72755
7.38436
6.64296
9.00061
9.84807
9.65306
4.22887
9.50811
9.72252
8.78431
9.82406
5.63795
7.30064
8.41101
5.7124
6.95815
8.41705
8.43572
3.93621
8.7061
6.97187
7.96968
8.52725
5.56886
5.0079
9.50017
8.55169
7.54748
7.20257
7.12158
9.98422
6.93208
5.68308
8.17626
4.01159
8.09624
7.88514
3.59547
9.05204
6.52523
4.9938
9.02588
9.94053
5.09655
5.76501
7.12232
8.54293
5.61313
6.82829
8.53874
4.30359
9.7537
9.81925
9.8534
5.55289
9.50925
6.99683
5.54037
9.91838
7.55812
7.82024
9.50451
8.82335
2.78838
8.89045
8.92449
8.16855
9.77918
8.0942
9.4377
9.62836
9.45683
5.355
9.47961
8.12498
9.05155
5.85566
6.67406
8.20631
9.81116
8.62066
8.5739
3.5528
8.87719
9.14911
7.98811
3.88862
5.65067
2.98695
9.10825
8.28254
5.16262
5.33187
9.58825
8.61121
8.23927
8.17065
7.99723
8.09167
7.71361
8.92834
2.81858
7.63499
6.31584
7.54166
9.58712
7.16972
7.6877
7.27631
7.21408
4.42934
9.00383
8.67261
7.40235
9.55583
9.7004
6.92733
5.59564
4.49711
7.29163
8.45903
9.33107
9.27171
8.90495
6.08023
5.2087
7.62675
8.91149
9.42427
9.00501
6.97356
7.27772
6.52233
8.84487
6.646
6.78754
8.57544
8.21072
9.42901
8.9537
7.9852
6.82447
6.18025
8.12141
8.97009
8.44829
9.78147
7.58719
2.66371
6.06873
9.69267
8.79814
6.20873
8.72778
8.35324
9.11932
8.053
6.95372
8.57947
8.76071
4.62921
7.95098
9.77988
8.5579
5.18395
9.37086
5.86556
8.72446
6.20702
9.68413
6.81509
8.21743
9.34588
8.74426
7.67001
3.87456
9.89112
9.0621
8.85114
6.53779
6.83049
8.99127
7.3319
7.84577
2.5455
7.60225
9.69052
7.25758
7.9219
9.35226
9.49864
6.52549
7.24088
8.12416
4.17522
8.80073
6.68726
6.77829
8.83998
9.55598
7.44478
3.58483
3.83623
4.90117
5.02023
3.95354
4.86584
3.65308
9.91443
7.86919
8.25981
4.77218
3.24697
7.92309
6.93779
4.42639
3.85914
7.16208
8.64486
8.52259
5.95452
8.65755
8.73448
9.20309
6.63683
6.181
4.02541
4.76972
6.99337
8.65322
6.9819
7.47386
8.69512
7.61266
5.00982
8.59671
9.21454
8.10146
6.86609
3.7784
5.41775
9.49968
7.97322
8.50625
6.63458
9.24076
9.99994
5.64946
6.91777
9.48584
5.44141
9.5525
8.02065
8.93769
8.0077
9.3164
9.49447
7.28214
9.88595
7.90731
9.21174
9.36909
8.63664
5.06169
9.74427
7.24279
8.04672
4.965
7.43311
7.6765
7.13456
7.15308
3.83168
7.13245
8.22719
6.72117
6.76239
6.87035
6.78635
9.79849
8.029
9.68204
7.29951
8.31439
9.82271
9.82625
8.58697
9.21181
6.56294
7.8234
7.24836
9.62612
9.02484
9.50844
4.85586
7.3644
8.94616
7.48785
2.76151
7.92613
8.47125
7.90979
3.59735
7.10301
6.72697
9.59738
5.16674
8.29761
6.24878
4.51912
8.183
6.58226
9.68828
6.13439
7.84683
6.52914
8.40784
8.87701
8.31584
4.97376
7.8627
9.52799
5.36239
5.55337
9.84219
5.115
6.04411
8.86656
3.42622
8.58661
7.93226
9.77084
8.5888
5.93197
7.91006
6.72063
9.1613
9.45654
9.56001
8.87255
5.15953
7.27743
5.09213
8.09337
4.7905
9.30261
5.60238
9.22506
7.63566
4.32671
9.49587
8.75807
5.40514
7.02303
9.79739
4.65954
9.65381
8.86857
7.75393
7.70819
7.51089
7.78596
8.54652
9.89981
6.25234
8.85445
8.87337
8.72631
8.64968
5.81723
8.68929
6.74115
9.45691
9.09819
9.18401
8.77326
7.00702
8.91549
8.18489
9.26446
7.53517
6.82569
6.84627
8.89988
4.58256
8.53539
8.8588
8.7981
5.34373
9.42413
9.81935
7.19644
7.10282
7.13862
9.3973
8.6123
4.12094
9.43608
6.59415
9.26863
9.08315
5.37074
6.21141
5.78524
7.18635
6.2243
9.58185
7.10056
7.19364
9.27833
8.43951
9.92994
5.88994
9.39928
8.45647
8.92773
7.36025
5.6024
8.18822
8.77885
8.95404
9.54552
5.53024
8.14573
8.94549
5.84801
9.80965
8.9811
5.38722
9.0361
9.62253
5.92839
6.94392
6.55179
4.31005
4.60662
8.0748
7.01591
4.44187
1.72649
4.62344
9.82847
8.08207
9.88897
9.26212
8.50352
6.18147
9.05354
7.65066
3.49965
4.36763
5.26211
8.76333
6.34433
9.25271
9.83179
7.888
8.76245
8.56313
8.44615
7.35752
9.06309
6.43595
6.88363
8.69246
6.03684
7.42074
8.77812
9.51638
6.26244
9.6643
8.87967
9.32325
5.43353
5.80618
8.5153
9.56703
9.5248
8.64248
4.4407
7.53194
9.48277
9.93482
7.17134
8.55715
5.24654
5.89525
9.37134
5.80059
8.96088
9.02131
8.57192
5.96381
7.14669
7.24211
3.94073
9.26822
8.6619
8.93946
6.79228
4.08356
4.29725
6.31356
8.21259
9.10104
8.28719
6.24485
6.84841
8.6347
9.69271
8.57791
7.91496
6.01726
9.08654
3.9565
6.23858
9.48593
9.13666
6.57784
6.67201
7.93004
5.52919
6.90471
6.54966
5.84532
9.11851
8.32325
6.8851
6.50372
4.54567
8.98388
8.03192
8.21717
9.04773
9.28701
9.29075
8.00272
9.53021
6.63087
6.60322
7.00215
8.03777
6.5242
7.27966
5.84125
9.27766
8.77332
4.0357
6.39072
7.22365
8.19728
8.6579
9.47591
8.0929
8.25301
8.92155
7.92187
7.89342
7.23994
6.11238
8.01658
5.36359
6.38288
9.9114
1.92486
6.33736
8.53607
7.57937
5.43547
8.4732
6.86581
9.00902
7.86534
7.85567
5.07778
7.17289
5.06
8.07131
7.06273
8.31388
8.53594
6.83524
8.40961
6.77855
3.29263
9.45802
7.69295
6.72722
7.58492
9.80904
4.72218
7.66201
9.151
8.93369
7.53196
7.37696
7.0397
6.95355
6.85619
9.34497
8.59332
8.00921
4.23213
8.73297
8.97814
9.12622
9.80986
8.81402
5.92126
8.34451
5.63188
8.67772
9.08811
7.40608
7.51538
7.62965
7.99879
7.10113
6.33899
6.75514
5.00759
8.56472
9.30153
7.87076
1.4895
4.84932
7.27189
9.98234
9.28992
9.70658
9.20655
6.41793
8.90813
8.86402
6.029
8.23437
4.65528
7.54741
6.72333
9.93244
6.39596
7.47905
5.66738
6.75611
9.63756
7.89551
8.16768
5.38944
7.19911
9.18568
7.51538
5.1348
7.26702
9.40437
8.95758
5.16237
7.38487
9.37575
5.94682
8.17519
9.95394
9.54312
9.78672
9.71583
8.74481
8.97906
8.16775
8.77162
6.9687
9.58984
9.48412
6.96933
8.06043
7.94383
9.41838
9.05153
9.43239
5.66203
8.56633
7.71372
4.83414
7.03382
9.21868
9.91617
7.72628
9.47527
9.62689
9.20782
7.26337
6.17735
9.88818
9.71647
7.79754
9.99653
8.123
5.94704
9.27609
8.04432
9.52734
6.68459
9.38046
6.85972
7.42895
9.17859
7.93912
7.78473
9.71765
4.4028
6.20355
7.70251
9.14143
7.95405
5.61418
5.17478
9.9409
9.11108
8.20352
9.68528
6.32496
8.93614
8.43848
8.16626
4.92238
4.02366
4.61506
3.77959
8.40764
9.3496
8.82223
8.26246
8.99086
9.29975
8.26686
9.81086
6.26257
6.22759
7.13533
9.01406
9.75156
7.34094
7.67019
6.96566
3.82773
6.43637
8.66989
7.73364
3.38156
6.66213
7.93915
7.21466
9.78762
9.20352
9.9879
9.2882
7.07679
9.44915
8.49647
2.50727
9.76277
8.40344
5.75828
8.74252
9.33305
8.4637
8.75745
9.44488
8.13908
9.67469
7.17805
6.23714
4.39878
6.5574
7.71491
5.2528
5.87616
5.12209
9.12205
8.11458
9.64792
8.87298
7.1723
7.6945
6.96975
9.34144
5.70095
4.27358
5.27379
8.76949
9.02879
8.71702
9.58278
9.12706
9.36552
9.01788
8.32745
8.18355
8.19855
9.28592
5.72604
7.73377
7.84129
4.62133
8.70678
7.45034
6.46633
6.40176
6.16769
3.704
8.13579
9.60941
3.14167
7.51152
7.61268
7.47877
9.845
9.69359
8.27685
8.65434
7.61937
5.26801
6.17528
9.08624
7.14291
8.17194
9.20707
7.65242
7.97084
8.52256
9.79042
8.83975
5.90219
9.8712
8.17915
8.23532
7.87692
8.63701
9.71964
9.16374
4.95406
9.77809
5.72402
7.44417
9.03966
8.06699
8.03281
4.31266
9.47385
5.02154
8.47296
8.3613
5.17446
8.53751
8.32028
9.99914
7.45354
5.11633
7.92689
8.65866
7.23051
8.16076
5.67007
5.07713
4.77203
5.51764
8.41642
8.63392
8.3446
7.81894
7.95333
6.90758
6.07714
5.59869
9.79241
6.42713
9.75957
9.25208
8.26536
5.84108
9.61388
7.08482
9.92702
9.93294
8.63082
6.71104
5.34428
5.78429
8.60434
8.8275
7.13594
8.10862
6.63964
6.89447
9.92184
8.73285
7.97018
9.45047
7.68687
3.82362
5.78969
9.71268
8.98812
9.74568
8.56271
4.91281
9.73049
6.42921
9.31553
7.75733
6.46289
6.96876
7.53342
8.36356
9.23591
6.81907
9.04781
9.81595
7.06738
5.64711
9.52328
7.61779
7.18689
8.66624
6.07094
8.84599
4.36741
9.46573
7.77277
6.72622
5.83377
2.42712
8.39854
9.7395
5.86628
8.60793
7.54179
9.94828
9.87183
5.75535
7.78603
7.32525
8.87861
7.67324
7.62556
8.80172
8.67292
9.55496
7.87094
3.38399
7.27234
9.30791
7.31091
7.46057
8.85627
9.24074
5.64154
6.28074
5.87598
4.68601
9.11996
8.50883
7.86741
5.43828
6.19846
7.59982
6.95223
7.90053
6.67141
7.21799
3.28936
9.60156
9.47027
5.22868
8.23501
8.6294
9.69447
7.03734
9.91853
7.23631
9.23402
5.00249
8.42477
7.62623
8.54616
9.04445
9.43043
6.98949
9.99843
8.96478
5.10168
7.68657
3.5989
9.94054
8.64826
9.87444
8.57288
6.66911
6.25915
6.40659
8.28652
5.14074
4.18117
8.74923
9.14532
3.50974
7.93413
9.52943
8.25258
8.84132
5.3488
3.71685
8.12097
8.72426
9.95513
7.2184
9.88691
6.23982
9.07821
8.39588
4.21837
8.84071
8.85218
5.21396
8.59785
7.42627
5.97048
8.52104
6.49918
6.44389
5.44935
8.06681
6.1867
9.87176
5.83589
7.33089
9.85775
8.13759
2.60971
7.19498
5.98077
9.80932
6.48968
4.71296
8.005
7.32372
9.04829
7.36199
7.4724
9.29554
9.80587
9.33631
9.4456
8.06409
5.72383
6.85939
8.98612
7.98991
7.67134
9.9725
9.83718
6.94121
8.03648
5.29523
7.34567
3.05284
7.6344
7.68746
9.19089
7.73792
9.53493
7.36846
9.16895
4.64414
7.02494
6.40528
7.33028
8.87643
6.86307
6.91555
7.56362
5.1587
9.08867
7.49793
5.53574
7.2022
6.53616
9.29503
5.96992
4.16923
9.746
8.79627
9.87679
7.40427
7.39051
3.69109
9.59801
9.29212
8.70223
7.34923
7.63844
7.65092
9.80176
8.48181
9.82914
4.04676
8.34763
9.98909
4.31592
7.2492
9.77285
7.60215
9.17803
9.69352
4.34262
5.14603
6.07977
6.14699
9.80268
9.02594
7.62077
8.59806
6.8124
5.06813
5.84739
7.87538
2.6448
7.22763
9.66165
8.72673
8.43158
7.1764
8.0483
6.61748
9.96422
6.4535
6.52978
9.51595
8.75086
7.62489
8.0177
7.50634
7.94357
5.7083
7.30706
9.83958
6.71712
7.8691
9.42297
7.57002
5.34215
2.97085
4.22299
6.33705
9.54085
9.40178
7.58344
9.91765
7.61896
8.56849
7.70934
6.39879
8.5325
5.2786
9.03789
7.76674
8.65743
8.31049
8.15886
8.75309
7.832
8.54424
8.69234
7.93531
6.88743
8.28191
9.33098
8.48916
9.63604
9.04436
8.67836
6.66119
8.56979
9.14927
5.18347
9.84453
5.88448
9.4472
9.80324
5.09777
8.39053
3.69656
9.10666
9.99799
7.00919
9.41772
6.30731
8.40526
3.57371
9.58077
7.72093
9.14024
8.43215
8.1565
9.49454
8.99242
6.44455
6.13825
3.91661
6.97785
6.75632
3.93712
9.26113
7.3345
9.22038
6.74619
8.2889
9.12016
9.93225
7.7976
8.25366
4.55236
7.13582
2.73365
3.42378
9.17554
4.61625
6.57496
6.14399
3.14279
7.18793
9.22386
8.25941
6.86062
6.03309
8.86939
6.41064
9.79722
6.96682
6.60188
9.36171
9.71768
8.0242
8.69921
7.71337
5.35087
4.1599
7.81085
7.23415
4.76385
9.14922
4.19375
8.93239
6.82413
8.98158
8.13628
6.86823
9.02721
9.51086
5.80271
9.65647
9.59558
5.93415
9.89586
8.77108
7.66731
7.46025
4.25638
5.54745
8.54664
9.80537
4.95833
8.09657
6.46674
9.12853
6.93626
8.71893
7.38862
6.03858
9.33496
9.87385
5.16199
6.09533
9.2501
5.99018
7.87892
4.34683
6.60716
8.29392
4.79769
4.42882
7.14129
8.62309
8.92555
8.17105
7.05583
6.50614
5.94681
8.16918
7.70407
7.48222
8.74612
9.58857
8.69912
7.43167
8.59957
9.15808
8.65166
9.85327
4.72092
3.88121
6.03569
8.81512
8.57773
9.95431
9.17395
7.95744
8.79254
3.54846
7.40404
6.40619
9.44873
6.8943
7.57051
9.71417
9.22563
9.79304
5.85497
8.22714
5.27096
8.13558
8.80615
9.53768
6.15086
9.77839
8.96794
7.5218
9.39681
6.81804
9.56172
5.78591
7.94275
6.87883
9.255
9.24821
9.22537
8.02975
3.89561
8.67642
9.81413
8.45013
8.79449
6.63339
3.78599
6.13975
6.58196
9.04591
6.33971
6.47008
8.45082
9.11928
8.46369
4.9684
7.8727
9.32334
9.38099
9.89645
9.09953
6.28797
9.0952
6.3267
6.14721
7.94432
7.05323
4.9004
7.70791
8.25885
8.74188
6.14149
8.14721
6.12421
9.30723
9.65352
8.52441
8.00683
9.05481
6.38048
9.10959
5.66557
9.1462
5.6876
8.79844
6.95135
4.61057
5.27405
6.59393
9.93237
6.00367
8.64884
9.26964
9.95403
7.75986
6.28131
9.39264
9.78192
6.30081
9.46752
4.83408
8.89785
8.28177
4.3859
8.73728
6.27604
9.38827
7.78415
9.87124
4.19173
7.67461
7.61227
7.16759
6.34296
8.22796
7.91582
7.74371
6.89073
5.5488
8.38235
6.20473
8.73834
6.30764
5.55144
9.88014
8.21101
5.68602
6.40868
9.50445
3.45693
7.76094
6.02807
7.97499
4.52854
2.61446
6.50723
7.14497
8.11062
8.69188
7.51677
7.01223
9.78351
4.5398
9.91034
7.06759
6.58571
8.67868
6.96352
8.94382
7.30098
6.10292
9.22234
9.03796
4.73861
9.6322
7.97758
8.42234
8.17371
4.99563
9.1029
7.78486
3.87911
7.59876
7.8233
6.28947
8.42559
9.8045
8.92152
9.84297
8.98362
8.26608
7.64663
7.50127
7.09738
4.59039
2.9101
7.44828
9.66092
7.68145
5.88335
8.6
6.74891
7.73337
6.6303
7.49906
9.05328
5.46001
7.24145
8.03438
5.17594
5.78646
9.91991
5.27221
9.98228
6.88456
5.55447
9.78306
7.64067
4.30356
5.99274
9.71395
7.94301
8.41331
7.19522
9.23911
8.38109
7.7812
4.89244
5.46032
7.51741
8.61514
5.21959
9.69546
9.62315
8.05635
7.69525
9.93797
6.46181
8.90707
7.74355
8.03064
9.97597
9.96875
8.79018
7.42406
8.67829
7.77636
8.76898
7.85367
6.7268
9.67429
8.80098
8.84397
6.86428
7.52846
8.21715
9.89325
6.8369
7.27172
9.23935
4.91303
8.51481
9.02654
7.35737
5.48301
7.06545
8.92056
6.57266
9.12189
9.79745
5.64609
7.40273
2.03519
9.71074
9.38803
9.39148
4.97707
9.34351
8.77296
6.27666
6.70238
5.77084
7.70525
7.50846
6.83988
7.14875
7.58644
8.11494
6.82542
4.29586
3.12337
6.10369
8.25108
9.81499
5.716
7.90029
8.16484
9.93498
5.29064
8.38784
6.46621
8.79616
8.79026
9.62312
9.36895
8.74206
9.67586
5.86006
9.15572
8.60058
6.74023
7.85562
9.85932
8.22874
5.74882
9.54459
6.6443
9.09269
7.0627
5.00929
9.45188
6.48416
6.03849
7.45005
9.78911
5.5196
5.92067
5.1045
8.48509
9.68232
5.71868
9.52872
5.86157
3.77956
6.04803
6.22936
8.44691
7.52657
5.71305
8.23322
6.5748
9.01017
6.21982
5.28163
8.28861
6.06564
8.921
7.7032
6.80783
7.227
6.60026
2.18305
4.84616
9.40062
9.41436
7.64398
5.59163
7.9986
6.71215
9.78308
9.42306
3.30563
5.11496
8.05526
8.08909
7.99854
9.67663
9.2619
6.28584
8.85738
7.3447
6.31733
3.60045
9.42052
6.80497
5.39213
8.76021
6.02727
8.22063
3.25673
8.78687
9.18329
7.72855
5.24898
9.72615
8.74503
6.67299
5.88316
9.28739
8.58959
7.93748
6.84072
7.2279
9.61594
8.37649
8.74829
7.95921
9.82636
5.90931
6.69966
5.07746
8.27183
8.0767
8.72526
6.40075
4.85815
7.36818
3.79879
6.98691
6.41858
8.37032
7.2412
6.5164
4.76605
6.38506
8.86134
9.44393
6.51349
9.01066
5.62606
6.43211
7.51107
5.55575
2.9156
9.8052
4.3451
7.98345
8.17043
7.04916
5.43124
9.22975
7.43774
7.15399
8.74381
4.83628
7.31226
8.00219
6.30707
4.35854
8.54358
6.11698
5.85503
6.69069
7.59211
8.82053
7.98549
7.34718
7.49777
6.38651
8.158
5.43697
7.41088
5.94825
4.86558
8.13908
5.63511
9.16435
8.76016
8.51768
6.12247
7.35713
6.66337
9.25873
6.19115
8.31562
6.07466
8.57578
8.60334
9.04004
8.24052
8.19605
9.29035
5.30521
7.34164
7.7314
4.0424
8.22531
7.31791
8.28487
6.9991
7.4415
6.66969
9.22362
6.38351
8.26765
6.27035
6.01776
7.47279
9.36379
9.03326
8.63403
6.29671
8.89177
9.82479
8.70383
8.57848
7.43455
5.06035
5.72159
7.20519
9.87551
9.84296
8.33028
8.5733
7.72313
4.59731
8.64944
8.75203
5.86883
4.28053
5.03939
8.80962
7.21384
8.87037
9.52416
8.867
9.11302
9.90414
8.5586
5.40568
8.99155
8.02816
9.12421
8.3341
8.66427
8.78296
8.59294
9.23729
8.9635
8.41673
9.41392
7.35449
6.42852
6.18858
8.7845
9.93209
9.98102
8.12175
5.04653
9.00196
9.07907
7.87758
8.58938
8.76437
8.07255
9.15702
7.98942
7.42834
8.24024
7.7369
6.74025
7.47292
7.99256
9.52403
8.67406
7.95027
6.20456
8.08334
9.2539
7.19177
8.82943
8.70729
2.18745
5.25836
5.17631
9.89399
9.79026
9.21805
6.55418
9.1897
9.54815
9.12658
8.84588
6.80353
5.53934
6.17129
5.24743
9.8278
6.87589
7.7873
8.0414
4.84977
5.87688
9.02156
8.91513
9.34123
7.71448
7.3295
4.88176
7.35194
9.01323
8.24
6.72915
7.78933
8.13318
8.72721
6.51143
5.61448
6.08149
6.97418
7.53712
5.56304
7.3919
5.10623
5.49186
8.79201
9.99806
7.35281
5.51608
7.91591
9.50788
9.03918
5.43368
8.68549
7.30213
7.68866
5.30432
7.60296
9.98072
5.07068
6.52162
7.90255
9.7499
7.61827
7.43307
9.95973
9.21559
3.92087
6.73461
9.20676
4.74212
7.04623
6.93721
9.95169
7.42954
5.09742
8.04262
5.22515
6.64427
4.33095
8.07553
7.74852
7.76181
6.66883
7.00465
8.96552
9.03133
9.66841
7.78238
8.32981
9.88068
9.68799
5.74335
9.89906
9.21038
7.1909
2.69175
8.39515
2.04331
7.33175
7.09472
9.1198
6.35268
8.31584
6.37326
6.03677
7.18294
6.93643
9.54408
8.69561
6.50166
8.29783
6.4014
9.448
9.25795
3.86073
2.75951
5.90326
9.88226
4.46182
9.00965
9.9341
6.48769
5.64648
7.34324
8.37464
8.4972
7.10461
9.47198
5.1456
6.41396
5.51592
6.45026
9.38482
7.62906
5.0027
7.87952
8.71448
4.17648
7.65447
9.63954
7.352
8.15669
7.07929
6.46049
9.98081
8.07018
6.91819
8.15411
8.92813
7.3259
7.20358
7.26875
4.52079
9.47996
6.83722
9.80588
6.39528
4.27445
7.27713
5.25312
5.74525
9.56953
9.92682
8.80095
6.15108
4.52634
9.29907
7.4804
6.25477
9.47715
9.79041
9.25614
4.21184
9.80677
7.05175
7.2364
4.09723
9.71754
9.21349
6.79113
4.20068
6.46004
7.99883
9.46089
9.0147
9.45621
6.6474
9.32427
9.36069
6.43369
9.14375
7.42982
6.12947
7.96784
7.7545
8.48323
8.73094
6.82723
9.91356
4.75176
7.50705
7.73188
7.91211
9.76269
6.76658
6.80919
9.59489
3.48969
8.96616
8.40207
5.55703
5.45337
8.63486
7.09439
9.49366
9.95819
4.50816
7.77296
7.06677
7.68481
6.54372
6.29193
6.64605
9.92138
6.84212
4.92745
9.89449
7.36225
7.98062
9.63774
9.07751
4.71952
6.69733
6.06136
8.04289
7.31824
9.85444
8.93519
9.34449
8.75205
9.14435
8.74012
5.41081
6.51073
7.04921
7.80622
6.09854
7.54423
7.46169
6.8181
9.17247
9.6001
8.33195
8.8834
8.48218
3.75239
8.66597
8.74141
7.3687
9.28581
9.64535
6.2635
8.40067
5.77009
8.39743
7.74062
7.87551
4.71451
9.55827
5.1142
7.62316
6.55699
6.84547
8.27225
9.64573
9.28202
8.84016
5.78066
7.47134
9.77383
9.53883
8.48959
6.93488
4.87363
6.86262
7.10802
7.30075
9.01233
7.77631
3.06878
9.34065
9.38784
4.36251
8.35898
6.77995
5.82561
9.6411
9.68609
4.74778
9.73697
8.6364
5.49167
8.44142
8.57407
6.30908
8.33435
8.76025
6.72179
9.40769
6.18205
8.62198
8.64943
4.22845
8.69992
6.2658
7.47941
7.09471
6.83191
7.95175
5.61388
6.21118
6.76557
3.39988
3.46595
9.78437
9.14049
7.5097
5.57494
9.55225
8.77391
8.24304
9.06186
9.296
7.38767
6.63399
8.33541
9.70747
5.72014
6.35568
8.41941
6.41776
9.37966
7.99
8.60786
9.16684
9.51736
8.34479
7.55575
3.39696
7.00889
7.34047
9.81436
9.2964
9.77936
9.77038
8.28038
7.19801
7.39978
9.67738
8.93103
4.113
5.54218
8.76301
9.89611
6.66511
9.27925
7.96561
7.84718
2.77422
4.97015
6.21972
9.51939
5.22946
8.79004
9.54728
5.54004
5.43553
6.84311
7.36367
8.27471
7.8585
8.41063
7.33381
9.51913
5.66184
8.25336
6.02836
7.34582
8.56117
9.25481
9.64706
8.2008
7.89764
9.69019
5.15188
9.94002
6.3195
8.14327
5.93333
9.64964
7.27504
9.39135
7.27114
9.46315
8.10997
9.9168
9.7161
9.8573
6.06317
6.91455
2.91683
5.15132
5.15774
6.92597
7.517
8.93615
5.52369
6.64694
9.35211
9.38941
5.64623
9.12552
6.4525
4.44568
7.73428
7.83427
7.39667
8.89455
8.38534
7.87499
6.48784
8.53817
9.58197
8.68094
9.2395
3.79483
6.07817
7.33927
7.78017
8.31005
8.51166
5.54313
6.28746
7.27004
6.13747
5.36142
9.4609
6.82276
9.17497
6.70746
8.30432
6.30238
6.66612
7.55101
9.19627
9.67675
6.58363
9.29479
7.3041
7.67875
7.37614
4.72526
5.59612
8.53921
8.85394
7.53798
9.04713
9.75415
7.9387
8.43051
9.84072
9.03736
6.61184
7.32259
6.78696
7.81675
8.90362
0.803979
6.80833
9.18708
8.32584
9.46065
5.69325
5.624
9.40777
7.35986
8.02105
6.88026
6.30104
9.19114
8.24024
5.39096
9.47526
5.99111
8.54505
7.63528
5.81856
9.79166
9.85358
5.92354
8.96793
7.6531
5.98015
7.50901
8.22427
7.22208
5.40563
6.36982
9.30766
8.74361
8.17915
7.14894
7.52005
5.86855
8.22229
9.50632
7.22951
7.12586
9.46201
8.85596
8.4103
4.3384
8.44289
3.45194
8.45405
9.56884
8.30682
7.28341
7.55816
9.23576
8.19585
8.47013
5.0897
9.9734
8.26936
7.06622
6.00674
6.60651
9.38976
5.68711
8.99599
9.27874
7.68175
7.88132
6.54749
9.55207
8.50981
9.92194
8.82547
3.79938
6.50407
3.55519
6.04077
5.81907
8.51595
5.22438
8.29851
5.76171
7.66558
7.88056
6.52888
9.66851
7.60445
9.08411
7.22586
4.85096
2.80003
6.48722
9.81579
8.44495
7.21961
8.74664
6.19229
9.71106
9.04079
8.84223
6.26173
7.42743
4.36122
3.85958
5.83356
9.06105
6.45776
7.0787
7.6006
5.81613
9.91584
8.3734
7.92752
6.17118
7.57767
6.66551
8.69974
6.83134
9.17266
6.79309
3.31131
9.32818
9.7874
4.70473
6.79645
6.12913
7.40107
6.10185
9.70189
8.0082
6.25402
9.0367
8.27155
9.51304
9.06327
9.6017
2.53066
7.08143
5.92932
8.48615
8.12453
7.24074
5.22197
9.84481
8.59516
9.74248
5.95444
9.99876
8.93159
6.41518
7.56926
5.84987
9.24565
6.67895
3.67021
7.74544
6.63838
8.83518
8.23139
9.44541
5.05672
9.33273
6.9827
6.29932
8.70727
6.39271
9.43633
7.18543
7.39484
9.28297
8.66954
5.29766
8.99512
7.31956
7.93877
8.54099
5.69848
8.61741
6.887
9.5785
9.04081
6.38074
5.74028
0.68356
7.67582
7.15986
6.32433
6.47906
6.09524
4.93051
6.24515
5.92843
7.8097
7.60315
9.27633
7.54164
7.3235
9.64843
5.95182
4.62276
8.65517
6.60493
6.21287
5.2505
6.69005
7.08736
8.90388
9.2528
9.22048
7.28924
7.62542
9.30046
8.01023
8.30563
5.63052
7.16947
9.30326
4.73327
8.20014
6.14306
5.66961
8.93322
9.62419
4.30706
9.74942
6.28626
9.58946
8.34136
6.46773
9.53193
9.40241
6.58699
7.76301
5.24647
6.28073
5.92971
8.98485
9.80784
9.21443
9.26518
5.93878
8.2053
5.11069
7.84901
7.48549
8.59845
6.67274
8.16984
9.60084
6.0992
5.01071
5.18578
7.35679
7.18468
6.99947
