0  241.632  182.493
1  56.6219  71.4839
2  90.5099  48.0807
3  75.4179  16.2483
4  5.71324  7.14925
5  35.0604  24.0968
6  189.971  89.1058
7  104.142  69.4521
8  2.05178  14.0172
9  16.2226  5.5263
10  0.869327  3.02222
11  0  0.549882
12  1.897768E-04  0.485299
13  1.82512E-04  1.49435
14  0.204551  4.86499
15  1.485478E-05  4.51692
16  1.49142  3.76616
17  0.28202  8.0882
18  4.49852  10.3528
19  3.975655E-04  2.12882
20  0.528883  10.0129
21  0.233532  2.36855
22  6.44052  12.0254
23  0.942284  16.1073
24  138.429  64.8815
25  64.1663  57.4805
26  53.5655  54.0861
27  40.6427  12.8025
28  10.1536  24.9813
29  2.73253  3.17417
30  66.9091  10.3919
31  5.657252E-02  4.1061
32  8.22174  5.39066
33  1.84838  9.81272
34  9.10958  17.7111
35  118.797  49.1786
36  31.5801  18.3473
37  1.252034E-04  7.49775
38  91.3299  36.2198
39  117.361  54.7779
40  95.6749  46.0301
41  56.4676  35.785
42  242.205  59.1818
43  42.4566  31.3011
44  39.429  16.4586
45  3.220025E-02  5.07471
46  80.6747  32.9342
47  50.3795  13.032
48  0  2.32084
49  1.432477E-04  2.13172
50  24.9693  8.20717
51  1.43024  5.56549
52  14.0525  20.9196
53  105.745  54.7221
54  57.9841  45.3624
55  16.9809  17.237
56  52.3347  23.358
57  61.9519  21.113
58  4.379268E-04  9.03534
59  9.095345E-05  4.25371
60  73.524  27.4923
61  23.3267  10.1783
62  8.249405E-04  2.37882
63  59.18  20.4167
64  100.059  48.2227
65  26.5321  17.5938
66  21.8361  4.43109
67  1.37447  2.48536
68  58.1435  8.0358
69  1.590256E-04  1.07378
70  1.500134E-04  1.46372
71  6.78305E-03  11.2068
72  1.09455  2.86024
73  0.408419  2.34206
74  9.643222E-03  2.97428
75  4.745065E-04  2.27588
76  9.340382E-04  2.67715
77  3.419429E-05  1.32801
78  9.700234E-04  11.0773
79  4.191809E-05  2.35311
80  10.7994  3.01657
81  35.2562  4.35962
82  77.8345  9.94308
83  4.09924E-05  1.76514
84  115.94  23.7833
85  58.8908  35.1881
86  172.312  86.1982
87  33.6967  18.228
88  21.0721  16.9775
89  140.045  57.6986
90  115.001  60.2133
91  8.385087E-05  2.93929
92  4.87605  9.84413
93  86.7795  44.7059
94  5.9359  18.7436
95  0.199942  15.1641
96  47.0745  30.3051
97  110.908  55.1007
98  9.630345E-02  8.81152
99  1.982021E-02  7.13389
100  52.4499  15.5849
101  21.3945  25.98
102  0  3.56277
103  81.8398  37.9775
104  134.619  83.1127
105  62.2943  41.6105
106  140.007  37.9711
107  4.385294E-04  4.37859
108  57.6615  16.2776
109  5.088151E-04  4.0067
110  2.18479  3.81165
111  9.413079E-04  2.46639
112  1.852906E-04  3.28622
113  2.456119E-04  2.78891
114  2.809733E-02  9.42521
115  0.797518  12.8815
116  11.0032  9.43197
117  1.766128E-04  7.58992
118  0.725018  5.12327
119  4.655131E-04  2.28601
120  37.3496  12.2616
121  34.0415  10.1241
122  1.1168  5.38967
123  10.0453  12.8649
124  87.7212  19.7575
125  67.206  35.1187
126  24.6805  9.3928
127  0.62449  8.50258
128  4.698644E-04  4.54335
129  46.5678  10.2415
130  37.7948  22.1738
131  52.273  53.6391
132  94.0177  55.6534
133  5.872698E-04  9.47453
134  1.99432  5.70173
135  72.6629  32.8267
136  18.034  19.1824
137  2.660368E-04  4.26271
138  21.6107  5.78749
139  71.7451  16.8959
140  2.853303E-04  9.92225
141  0  2.83406
142  21.6826  7.26795
143  46.8426  18.1899
144  3.62753E-04  5.92788
145  0.597731  8.52066
146  118.017  49.7786
147  59.5077  53.6104
148  0.665614  18.2792
149  115.489  37.4232
150  53.4164  41.561
151  5.61466  8.19578
152  59.2127  22.7057
153  36.3456  12.5556
154  1.60496  3.5165
155  1.328319E-02  2.92683
156  2.96184E-04  3.9519
157  5.717804E-04  4.07614
158  2.628436E-04  6.97126
159  15.9165  13.7521
160  6.192989E-04  3.03776
161  0.301893  1.55639
162  22.722  8.9949
163  0.255966  4.49571
164  0  0.9838
165  15.2443  6.53299
166  3.267602E-02  1.83515
167  3.56002  7.70347
168  3.61807  6.00519
169  5.034491E-04  3.06925
170  7.01795  4.92113
171  6.27448  2.41504
172  41.5993  27.2159
173  9.17013  7.19263
174  6.76765  8.3064
175  65.1697  17.7426
176  25.7908  4.5039
177  59.3592  12.2766
178  96.4084  33.1084
179  68.3726  18.9985
180  42.3903  14.0468
181  0.141247  4.77803
182  12.3906  4.91163
183  68.8746  24.9825
184  0.173112  2.33793
185  1.311032E-03  3.42218
186  20.8452  13.2847
187  0  2.74294
188  7.159494E-02  7.17202
189  1.410128E-04  9.4867
190  1.13086  6.38632
191  4.777491E-04  3.84696
192  3.777812E-04  3.46425
193  2.30538  2.98466
194  8.585673E-05  3.14289
195  0.740044  7.56697
196  0.80652  1.91879
197  76.2221  21.5067
198  1.008682E-04  2.70277
199  1.040964E-04  3.47835
200  76.5274  32.0946
201  34.8464  16.6377
202  1.7576  14.7508
203  63.3476  51.8401
204  98.8728  72.5402
205  119.913  96.4205
206  46.0373  47.828
207  50.9491  49.9908
208  220.07  109.137
209  12.2186  17.5578
210  39.7487  25.3817
211  4.241009E-04  3.24391
212  1.225522E-04  1.35873
213  8.254449E-05  2.56143
214  3.086391E-04  2.70345
215  1.014093E-03  8.43719
216  4.91238  3.50659
217  8.988937E-04  3.77328
218  18.2769  5.87132
219  8.40914  6.7126
220  17.5413  21.0887
221  39.5232  13.042
222  21.4894  2.96076
223  84.292  10.6866
224  61.2601  25.1594
225  95.5465  29.2575
226  161.042  88.77
227  45.047  31.953
228  118.186  37.6773
229  49.4328  10.1962
230  0.244898  3.68393
231  62.7621  4.82092
232  80.5258  27.3259
233  6.408052E-05  1.05652
234  3.56167  1.49032
235  58.8336  18.8321
236  2.75408  3.85947
237  4.997775E-05  9.63735
238  14.5581  8.43422
239  7.332545E-02  4.24712
240  0.38411  4.26996
241  5.36684  11.9098
242  4.862584E-05  8.31309
243  38.0107  23.4347
244  3.4294E-04  3.81623
245  1.103924E-03  2.87977
246  0  5.65527
247  0  8.25315
248  0.352815  2.36667
249  1.56359  4.91348
250  4.17591  11.3369
251  49.6753  12.6397
252  0.477022  2.09421
253  76.0488  17.719
254  12.6376  20.9032
255  46.2623  26.8195
256  105.06  72.412
257  87.4991  73.304
258  0  9.92677
259  49.6038  19.7208
260  112.236  47.1484
261  2.549634E-05  4.3356
262  1.929374E-04  5.31069
263  78.2123  20.9533
264  58.0352  28.981
265  6.99043E-04  4.97003
266  10.9598  7.48883
267  81.6683  18.9924
268  76.2558  47.3023
269  36.6167  22.3869
270  47.4503  15.8604
271  41.7023  10.477
272  154.143  62.4398
273  30.7007  29.1504
274  70.5439  60.2422
275  41.8869  39.9956
276  87.7347  96.1866
277  115.101  63.3521
278  101.958  67.0786
279  5.24362  13.5052
280  49.942  11.042
281  127.563  36.417
282  19.3598  6.19831
283  0.208944  2.23101
284  63.9768  10.7996
285  48.9071  13.5602
286  1.63753  4.13577
287  55.6829  24.0418
288  83.2424  30.5194
289  43.5377  14.9548
290  0.154379  9.29317
291  24.1992  15.6103
292  5.381642E-04  6.66496
293  1.563199E-04  3.34128
294  1.377478E-04  1.06715
295  1.218884E-04  2.37319
296  0.597705  5.55806
297  4.331744E-02  6.95339
298  21.2857  10.7008
299  29.939  4.99161
300  4.957923E-04  3.70571
301  11.9305  7.98907
302  15.6407  5.53247
303  1.387798E-04  1.6719
304  23.2647  7.04809
305  12.7393  1.9015
306  100.458  16.0648
307  129.641  38.4826
308  35.8672  32.0175
309  132.197  74.2136
310  30.9088  22.3095
311  65.3146  44.1292
312  3.23113  15.481
313  77.8718  28.4396
314  67.163  33.6502
315  6.14867  18.8557
316  10.4071  15.5029
317  171.082  83.6001
318  17.4661  10.0682
319  98.4052  53.0972
320  124.238  65.1471
321  65.5514  26.352
322  39.4395  26.2834
323  49.6135  12.4066
324  95.6025  51.4733
325  5.07963  22.6714
326  30.2879  15.5349
327  7.213917E-03  5.45305
328  65.248  31.732
329  20.4798  6.54532
330  4.70826  3.37928
331  1.866003E-04  0.908807
332  101.004  18.5167
333  69.6294  23.8683
334  34.9727  15.69
335  35.196  10.4634
336  10.7842  33.333
337  140.786  80.2407
338  174.616  119.528
339  1.51947  28.4559
340  83.1015  29.8226
341  53.0775  40.0608
342  14.3377  20.1729
343  65.95  22.4704
344  10.7017  14.9508
345  16.9794  11.1103
346  58.4096  12.186
347  2.49539  4.52881
348  23.7788  6.6118
349  33.3973  15.328
350  20.9099  8.20129
351  92.4884  30.4713
352  0  2.5541
353  5.17982E-04  3.08597
354  43.9844  10.2625
355  39.5807  17.2949
356  0.598527  14.1913
357  2.097198E-04  3.31935
358  39.8149  13.1187
359  44.4403  53.2277
360  2.287692E-04  9.41318
361  46.9607  31.713
362  100.138  48.2694
363  69.3029  45.0932
364  2.65143  31.9769
365  107.411  40.5399
366  32.8363  35.9495
367  12.6018  15.6131
368  102.246  59.9165
369  30.4743  39.2293
370  1.494634E-04  4.14503
371  8.48624  7.10889
372  3.321037E-04  1.85881
373  1.174197E-02  2.84445
374  6.28902  8.59726
375  8.202324E-05  6.89088
376  2.620965E-04  2.52048
377  13.5124  7.10019
378  0.537545  6.33357
379  55.3596  37.4553
380  123.497  87.0046
381  10.9818  25.4343
382  131.826  64.7389
383  61.9169  29.418
384  51.7971  42.1931
385  119.725  88.1999
386  89.6831  44.8984
387  24.1768  13.1738
388  1.09845  7.75354
389  124.873  33.9051
390  0.67782  13.9707
391  75.6099  38.2858
392  39.3658  18.4188
393  1.909226E-04  24.8712
394  13.2459  7.90936
395  80.5803  27.2268
396  1.58489  19.5009
397  0.112577  5.9295
398  45.888  32.7227
399  54.2531  29.1457
400  3.514473E-04  12.0537
401  4.18653E-04  5.26123
402  53.1425  19.3594
403  20.344  7.75348
404  5.761976E-04  3.46007
405  6.37996  5.41944
406  37.5826  17.5833
407  1.294625E-04  3.82742
408  42.4107  8.15688
409  92.3421  22.728
410  83.7215  46.3165
411  48.9492  23.281
412  1.02555  6.31739
413  58.9787  21.3753
414  0.743567  5.32512
415  60.0491  33.4818
416  1.794088E-04  2.46781
417  1.454841E-04  5.49549
418  7.922817E-04  1.72534
419  6.29393E-02  1.34258
420  10.9466  3.48103
421  4.460023E-04  1.3075
422  3.175342E-04  1.4688
423  0  2.05111
424  9.742637E-05  3.24867
425  0.147767  1.84312
426  1.302496E-03  3.76167
427  6.94772  7.71617
428  23.5576  19.6462
429  16.5935  15.4232
430  11.6898  19.5853
431  1.20285  5.46014
432  31.9378  18.8988
433  93.7165  44.6016
434  5.60775  32.2579
435  15.2754  18.221
436  9.31942  6.55599
437  0  0.678299
438  1.413622E-04  1.48927
439  5.954515E-04  2.36643
440  26.1741  5.85512
441  2.847981E-04  4.05821
442  28.8893  21.6583
443  34.309  19.4411
444  146.575  79.748
445  85.3137  67.2455
446  15.4695  32.2434
447  85.5845  42.5871
448  13.5536  32.1159
449  55.0496  21.9662
450  30.5133  7.27081
451  2.578154E-04  16.221
452  80.862  32.4463
453  0.165998  4.1423
454  1.850852E-04  3.51015
455  92.9059  33.3518
456  29.3388  20.1318
457  3.925938E-04  10.3503
458  68.851  30.789
459  129.98  50.2047
460  0.780329  8.54647
461  11.7374  4.95319
462  111.633  45.9272
463  60.5815  35.4519
464  24.6537  19.843
465  31.3883  13.3801
466  1.324298E-04  10.2199
467  115.345  68.4971
