0	203.494
1	83.0061
2	64.4911
3	27.6387
4	23.4648
5	48.8573
6	116.093
7	98.5505
8	66.645
9	28.1788
10	16.3555
11	4.3176
12	3.82492
13	9.14297
14	12.5999
15	16.5642
16	11.039
17	22.8719
18	24.1442
19	7.29747
20	22.5598
21	5.05644
22	19.778
23	31.1514
24	0.0474326
25	94.8417
26	77.5785
27	19.8261
28	41.3308
29	10.385
30	20.7266
31	18.4499
32	15.653
33	39.8288
34	33.7454
35	70.2839
36	65.5974
37	39.2191
38	79.4768
39	73.9086
40	66.0877
41	93.0549
42	125.653
43	67.6571
44	22.3688
45	9.70983
46	44.6664
47	21.169
48	6.12114
49	4.73209
50	24.6279
51	28.5749
52	50.4973
53	0
54	64.1461
55	41.833
56	31.7174
57	40.2206
58	19.2187
59	18.2079
60	50.1973
61	29.6323
62	9.27691
63	48.7193
64	78.0135
65	40.6828
66	6.78223
67	9.42704
68	22.9875
69	4.92202
70	12.0051
71	22.4814
72	20.6192
73	12.619
74	19.3792
75	11.4195
76	26.1719
77	9.59172
78	22.8357
79	14.0045
80	33.4904
81	17.0476
82	21.8385
83	6.76881
84	61.7794
85	44.2761
86	115.257
87	36.3184
88	32.8124
89	72.7983
90	78.1288
91	5.44329
92	23.2162
93	74.7574
94	59.2797
95	40.1122
96	0
97	85.3178
98	35.7466
99	33.8941
100	29.5772
101	50.9851
102	16.2554
103	0
104	110.614
105	72.3535
106	0
107	19.3411
108	32.2363
109	15.4853
110	30.6375
111	17.7201
112	20.6528
113	21.2801
114	0
115	0
116	43.4428
117	32.2232
118	23.1901
119	10.6872
120	34.4146
121	34.5119
122	31.4565
123	0
124	62.3167
125	62.85
126	16.6285
127	29.42
128	33.9343
129	41.7294
130	49.7425
131	84.4464
132	88.399
133	30.7469
134	28.6499
135	69.4469
136	0
137	28.3041
138	33.2127
139	50.7516
140	43.8904
141	10.7863
142	13.517
143	64.2679
144	23.7095
145	34.1799
146	76.1842
147	91.0989
148	60.5222
149	46.4616
150	57.1254
151	25.4921
152	32.7961
153	39.0442
154	22.1271
155	15.4127
156	18.5031
157	48.6256
158	34.2448
159	51.8278
160	34.288
161	14.464
162	38.0515
163	32.6268
164	5.50971
165	20.8012
166	6.73441
167	26.9715
168	40.9617
169	23.9451
170	20.2985
171	6.33903
172	39.4512
173	37.7631
174	28.2003
175	41.6559
176	9.53839
177	41.8379
178	54.3021
179	44.7166
180	39.3213
181	24.2032
182	13.2532
183	39.5886
184	18.1979
185	24.5592
186	37.0866
187	18.2038
188	0.0294409
189	0
190	21.9287
191	30.3223
192	26.4142
193	21.6432
194	14.5585
195	0.00124904
196	9.54909
197	31.5955
198	11.9953
199	16.0891
200	49.1583
201	51.4887
202	41.854
203	63.6735
204	85.1233
205	111.496
206	27.3471
207	73.6431
208	99.3278
209	16.8245
210	39.0461
211	15.1125
212	5.26614
213	15.5213
214	14.5186
215	0.0294838
216	18.114
217	21.2336
218	16.2518
219	10.8957
220	19.6227
221	32.1893
222	9.49657
223	40.2343
224	47.8213
225	42.15
226	125.58
227	60.1323
228	59.7366
229	23.5614
230	10.9216
231	14.905
232	45.3883
233	2.89052
234	4.16411
235	30.7816
236	18.8534
237	16.4449
238	22.7956
239	24.1731
240	32.3865
241	0
242	29.0467
243	30.7116
244	35.5665
245	30.1765
246	31.1768
247	26.6628
248	9.37237
249	14.1767
250	33.8997
251	41.8094
252	7.59183
253	0
254	54.8641
255	49.5536
256	110.369
257	82.5712
258	23.1519
259	69.8312
260	90.0415
261	9.86029
262	20.7512
263	59.8281
264	0
265	29.8906
266	47.5677
267	50.1233
268	109.056
269	48.462
270	25.5835
271	18.2991
272	90.8828
273	74.4448
274	93.8036
275	77.0017
276	160.935
277	103.931
278	110.033
279	39.4713
280	63.6493
281	83.9071
282	14.2226
283	17.7568
284	29.9762
285	20.7855
286	8.80148
287	32.0116
288	42.1338
289	30.7491
290	14.3837
291	26.0679
292	31.0526
293	20.507
294	6.71711
295	14.7658
296	18.5737
297	23.6714
298	27.8108
299	23.1266
300	8.67933
301	15.1006
302	29.0047
303	12.9252
304	17.9807
305	6.28164
306	49.5923
307	58.66
308	29.1804
309	87.9479
310	33.7616
311	60.9185
312	37.6278
313	74.8282
314	0
315	35.8036
316	24.3527
317	89.7795
318	16.8786
319	88.7643
320	93.5189
321	23.5275
322	40.099
323	23.7616
324	78.2821
325	53.9246
326	31.0986
327	17.5648
328	47.1771
329	14.1006
330	11.7826
331	2.40981
332	32.4723
333	36.8445
334	34.9516
335	14.7799
336	47.0673
337	114.314
338	218.791
339	63.9769
340	45.9613
341	75.0151
342	36.8791
343	48.2043
344	61.5023
345	33.2485
346	54.9778
347	26.0455
348	30.3587
349	42.0886
350	17.1919
351	47.9042
352	4.52414
353	15.7547
354	37.7748
355	40.0432
356	29.1254
357	16.6754
358	48.3189
359	83.6935
360	22.2236
361	41.3521
362	73.3336
363	53.6726
364	66.7195
365	45.1649
366	40.2193
367	35.7104
368	57.1386
369	56.9942
370	23.4444
371	26.2291
372	13.4143
373	11.308
374	25.5075
375	18.3287
376	5.7878
377	18.6629
378	12.5035
379	57.1935
380	74.4131
381	25.2752
382	62.4371
383	61.7586
384	70.89
385	97.8924
386	49.8519
387	22.7134
388	15.9958
389	61.9992
390	19.8555
391	53.598
392	20.3736
393	32.1184
394	27.5685
395	58.4442
396	48.2412
397	19.0395
398	48.3074
399	45.3515
400	0
401	21.2468
402	35.8481
403	28.5523
404	18.1463
405	20.6907
406	49.1961
407	10.9868
408	34.2665
409	49.8212
410	89.2193
411	32.3041
412	11.2023
413	36.3474
414	17.9996
415	41.0015
416	8.80658
417	24.1091
418	20.6894
419	10.4901
420	22.1601
421	7.87689
422	12.0949
423	11.9053
424	7.80454
425	6.6738
426	19.9796
427	20.9503
428	44.2283
429	23.1585
430	27.0079
431	7.99525
432	38.3076
433	46.3263
434	37.5533
435	24.3872
436	20.4124
437	4.75363
438	8.84142
439	15.9923
440	16.7388
441	13.718
442	39.3487
443	46.9969
444	113.21
445	87.0744
446	49.9307
447	58.2908
448	42.1838
449	49.1391
450	17.0439
451	18.7708
452	38.6478
453	11.5487
454	12.3643
455	0
456	55.3016
457	27.7998
458	51.6652
459	80.661
460	34.4959
461	9.13478
462	54.0195
463	41.8741
464	32.1377
465	26.528
466	26.6218
467	56.7993
