241.632
56.6219
90.5099
75.4179
5.71324
35.0604
189.971
104.142
2.05178
16.2226
0.869327
0
1.897768E-04
1.82512E-04
0.204551
1.485478E-05
1.49142
0.28202
4.49852
3.975655E-04
0.528883
0.233532
6.44052
0.942284
138.429
64.1663
53.5655
40.6427
10.1536
2.73253
66.9091
5.657252E-02
8.22174
1.84838
9.10958
118.797
31.5801
1.252034E-04
91.3299
117.361
95.6749
56.4676
242.205
42.4566
39.429
3.220025E-02
80.6747
50.3795
0
1.432477E-04
24.9693
1.43024
14.0525
105.745
57.9841
16.9809
52.3347
61.9519
4.379268E-04
9.095345E-05
73.524
23.3267
8.249405E-04
59.18
100.059
26.5321
21.8361
1.37447
58.1435
1.590256E-04
1.500134E-04
6.78305E-03
1.09455
0.408419
9.643222E-03
4.745065E-04
9.340382E-04
3.419429E-05
9.700234E-04
4.191809E-05
10.7994
35.2562
77.8345
4.09924E-05
115.94
58.8908
172.312
33.6967
21.0721
140.045
115.001
8.385087E-05
4.87605
86.7795
5.9359
0.199942
47.0745
110.908
9.630345E-02
1.982021E-02
52.4499
21.3945
0
81.8398
134.619
62.2943
140.007
4.385294E-04
57.6615
5.088151E-04
2.18479
9.413079E-04
1.852906E-04
2.456119E-04
2.809733E-02
0.797518
11.0032
1.766128E-04
0.725018
4.655131E-04
37.3496
34.0415
1.1168
10.0453
87.7212
67.206
24.6805
0.62449
4.698644E-04
46.5678
37.7948
52.273
94.0177
5.872698E-04
1.99432
72.6629
18.034
2.660368E-04
21.6107
71.7451
2.853303E-04
0
21.6826
46.8426
3.62753E-04
0.597731
118.017
59.5077
0.665614
115.489
53.4164
5.61466
59.2127
36.3456
1.60496
1.328319E-02
2.96184E-04
5.717804E-04
2.628436E-04
15.9165
6.192989E-04
0.301893
22.722
0.255966
0
15.2443
3.267602E-02
3.56002
3.61807
5.034491E-04
7.01795
6.27448
41.5993
9.17013
6.76765
65.1697
25.7908
59.3592
96.4084
68.3726
42.3903
0.141247
12.3906
68.8746
0.173112
1.311032E-03
20.8452
0
7.159494E-02
1.410128E-04
1.13086
4.777491E-04
3.777812E-04
2.30538
8.585673E-05
0.740044
0.80652
76.2221
1.008682E-04
1.040964E-04
76.5274
34.8464
1.7576
63.3476
98.8728
119.913
46.0373
50.9491
220.07
12.2186
39.7487
4.241009E-04
1.225522E-04
8.254449E-05
3.086391E-04
1.014093E-03
4.91238
8.988937E-04
18.2769
8.40914
17.5413
39.5232
21.4894
84.292
61.2601
95.5465
161.042
45.047
118.186
49.4328
0.244898
62.7621
80.5258
6.408052E-05
3.56167
58.8336
2.75408
4.997775E-05
14.5581
7.332545E-02
0.38411
5.36684
4.862584E-05
38.0107
3.4294E-04
1.103924E-03
0
0
0.352815
1.56359
4.17591
49.6753
0.477022
76.0488
12.6376
46.2623
105.06
87.4991
0
49.6038
112.236
2.549634E-05
1.929374E-04
78.2123
58.0352
6.99043E-04
10.9598
81.6683
76.2558
36.6167
47.4503
41.7023
154.143
30.7007
70.5439
41.8869
87.7347
115.101
101.958
5.24362
49.942
127.563
19.3598
0.208944
63.9768
48.9071
1.63753
55.6829
83.2424
43.5377
0.154379
24.1992
5.381642E-04
1.563199E-04
1.377478E-04
1.218884E-04
0.597705
4.331744E-02
21.2857
29.939
4.957923E-04
11.9305
15.6407
1.387798E-04
23.2647
12.7393
100.458
129.641
35.8672
132.197
30.9088
65.3146
3.23113
77.8718
67.163
6.14867
10.4071
171.082
17.4661
98.4052
124.238
65.5514
39.4395
49.6135
95.6025
5.07963
30.2879
7.213917E-03
65.248
20.4798
4.70826
1.866003E-04
101.004
69.6294
34.9727
35.196
10.7842
140.786
174.616
1.51947
83.1015
53.0775
14.3377
65.95
10.7017
16.9794
58.4096
2.49539
23.7788
33.3973
20.9099
92.4884
0
5.17982E-04
43.9844
39.5807
0.598527
2.097198E-04
39.8149
44.4403
2.287692E-04
46.9607
100.138
69.3029
2.65143
107.411
32.8363
12.6018
102.246
30.4743
1.494634E-04
8.48624
3.321037E-04
1.174197E-02
6.28902
8.202324E-05
2.620965E-04
13.5124
0.537545
55.3596
123.497
10.9818
131.826
61.9169
51.7971
119.725
89.6831
24.1768
1.09845
124.873
0.67782
75.6099
39.3658
1.909226E-04
13.2459
80.5803
1.58489
0.112577
45.888
54.2531
3.514473E-04
4.18653E-04
53.1425
20.344
5.761976E-04
6.37996
37.5826
1.294625E-04
42.4107
92.3421
83.7215
48.9492
1.02555
58.9787
0.743567
60.0491
1.794088E-04
1.454841E-04
7.922817E-04
6.29393E-02
10.9466
4.460023E-04
3.175342E-04
0
9.742637E-05
0.147767
1.302496E-03
6.94772
23.5576
16.5935
11.6898
1.20285
31.9378
93.7165
5.60775
15.2754
9.31942
0
1.413622E-04
5.954515E-04
26.1741
2.847981E-04
28.8893
34.309
146.575
85.3137
15.4695
85.5845
13.5536
55.0496
30.5133
2.578154E-04
80.862
0.165998
1.850852E-04
92.9059
29.3388
3.925938E-04
68.851
129.98
0.780329
11.7374
111.633
60.5815
24.6537
31.3883
1.324298E-04
115.345
