1 241.632
2 56.6219
3 90.5099
4 75.4179
5 5.71324
6 35.0604
7 189.971
8 104.142
9 2.05178
10 16.2226
11 0.869327
12 0
13 1.897768E-04
14 1.82512E-04
15 0.204551
16 1.485478E-05
17 1.49142
18 0.28202
19 4.49852
20 3.975655E-04
21 0.528883
22 0.233532
23 6.44052
24 0.942284
25 138.429
26 64.1663
27 53.5655
28 40.6427
29 10.1536
30 2.73253
31 66.9091
32 5.657252E-02
33 8.22174
34 1.84838
35 9.10958
36 118.797
37 31.5801
38 1.252034E-04
39 91.3299
40 117.361
41 95.6749
42 56.4676
43 242.205
44 42.4566
45 39.429
46 3.220025E-02
47 80.6747
48 50.3795
49 0
50 1.432477E-04
51 24.9693
52 1.43024
53 14.0525
54 105.745
55 57.9841
56 16.9809
57 52.3347
58 61.9519
59 4.379268E-04
60 9.095345E-05
61 73.524
62 23.3267
63 8.249405E-04
64 59.18
65 100.059
66 26.5321
67 21.8361
68 1.37447
69 58.1435
70 1.590256E-04
71 1.500134E-04
72 6.78305E-03
73 1.09455
74 0.408419
75 9.643222E-03
76 4.745065E-04
77 9.340382E-04
78 3.419429E-05
79 9.700234E-04
80 4.191809E-05
81 10.7994
82 35.2562
83 77.8345
84 4.09924E-05
85 115.94
86 58.8908
87 172.312
88 33.6967
89 21.0721
90 140.045
91 115.001
92 8.385087E-05
93 4.87605
94 86.7795
95 5.9359
96 0.199942
97 47.0745
98 110.908
99 9.630345E-02
100 1.982021E-02
101 52.4499
102 21.3945
103 0
104 81.8398
105 134.619
106 62.2943
107 140.007
108 4.385294E-04
109 57.6615
110 5.088151E-04
111 2.18479
112 9.413079E-04
113 1.852906E-04
114 2.456119E-04
115 2.809733E-02
116 0.797518
117 11.0032
118 1.766128E-04
119 0.725018
120 4.655131E-04
121 37.3496
122 34.0415
123 1.1168
124 10.0453
125 87.7212
126 67.206
127 24.6805
128 0.62449
129 4.698644E-04
130 46.5678
131 37.7948
132 52.273
133 94.0177
134 5.872698E-04
135 1.99432
136 72.6629
137 18.034
138 2.660368E-04
139 21.6107
140 71.7451
141 2.853303E-04
142 0
143 21.6826
144 46.8426
145 3.62753E-04
146 0.597731
147 118.017
148 59.5077
149 0.665614
150 115.489
151 53.4164
152 5.61466
153 59.2127
154 36.3456
155 1.60496
156 1.328319E-02
157 2.96184E-04
158 5.717804E-04
159 2.628436E-04
160 15.9165
161 6.192989E-04
162 0.301893
163 22.722
164 0.255966
165 0
166 15.2443
167 3.267602E-02
168 3.56002
169 3.61807
170 5.034491E-04
171 7.01795
172 6.27448
173 41.5993
174 9.17013
175 6.76765
176 65.1697
177 25.7908
178 59.3592
179 96.4084
180 68.3726
181 42.3903
182 0.141247
183 12.3906
184 68.8746
185 0.173112
186 1.311032E-03
187 20.8452
188 0
189 7.159494E-02
190 1.410128E-04
191 1.13086
192 4.777491E-04
193 3.777812E-04
194 2.30538
195 8.585673E-05
196 0.740044
197 0.80652
198 76.2221
199 1.008682E-04
200 1.040964E-04
201 76.5274
202 34.8464
203 1.7576
204 63.3476
205 98.8728
206 119.913
207 46.0373
208 50.9491
209 220.07
210 12.2186
211 39.7487
212 4.241009E-04
213 1.225522E-04
214 8.254449E-05
215 3.086391E-04
216 1.014093E-03
217 4.91238
218 8.988937E-04
219 18.2769
220 8.40914
221 17.5413
222 39.5232
223 21.4894
224 84.292
225 61.2601
226 95.5465
227 161.042
228 45.047
229 118.186
230 49.4328
231 0.244898
232 62.7621
233 80.5258
234 6.408052E-05
235 3.56167
236 58.8336
237 2.75408
238 4.997775E-05
239 14.5581
240 7.332545E-02
241 0.38411
242 5.36684
243 4.862584E-05
244 38.0107
245 3.4294E-04
246 1.103924E-03
247 0
248 0
249 0.352815
250 1.56359
251 4.17591
252 49.6753
253 0.477022
254 76.0488
255 12.6376
256 46.2623
257 105.06
258 87.4991
259 0
260 49.6038
261 112.236
262 2.549634E-05
263 1.929374E-04
264 78.2123
265 58.0352
266 6.99043E-04
267 10.9598
268 81.6683
269 76.2558
270 36.6167
271 47.4503
272 41.7023
273 154.143
274 30.7007
275 70.5439
276 41.8869
277 87.7347
278 115.101
279 101.958
280 5.24362
281 49.942
282 127.563
283 19.3598
284 0.208944
285 63.9768
286 48.9071
287 1.63753
288 55.6829
289 83.2424
290 43.5377
291 0.154379
292 24.1992
293 5.381642E-04
294 1.563199E-04
295 1.377478E-04
296 1.218884E-04
297 0.597705
298 4.331744E-02
299 21.2857
300 29.939
301 4.957923E-04
302 11.9305
303 15.6407
304 1.387798E-04
305 23.2647
306 12.7393
307 100.458
308 129.641
309 35.8672
310 132.197
311 30.9088
312 65.3146
313 3.23113
314 77.8718
315 67.163
316 6.14867
317 10.4071
318 171.082
319 17.4661
320 98.4052
321 124.238
322 65.5514
323 39.4395
324 49.6135
325 95.6025
326 5.07963
327 30.2879
328 7.213917E-03
329 65.248
330 20.4798
331 4.70826
332 1.866003E-04
333 101.004
334 69.6294
335 34.9727
336 35.196
337 10.7842
338 140.786
339 174.616
340 1.51947
341 83.1015
342 53.0775
343 14.3377
344 65.95
345 10.7017
346 16.9794
347 58.4096
348 2.49539
349 23.7788
350 33.3973
351 20.9099
352 92.4884
353 0
354 5.17982E-04
355 43.9844
356 39.5807
357 0.598527
358 2.097198E-04
359 39.8149
360 44.4403
361 2.287692E-04
362 46.9607
363 100.138
364 69.3029
365 2.65143
366 107.411
367 32.8363
368 12.6018
369 102.246
370 30.4743
371 1.494634E-04
372 8.48624
373 3.321037E-04
374 1.174197E-02
375 6.28902
376 8.202324E-05
377 2.620965E-04
378 13.5124
379 0.537545
380 55.3596
381 123.497
382 10.9818
383 131.826
384 61.9169
385 51.7971
386 119.725
387 89.6831
388 24.1768
389 1.09845
390 124.873
391 0.67782
392 75.6099
393 39.3658
394 1.909226E-04
395 13.2459
396 80.5803
397 1.58489
398 0.112577
399 45.888
400 54.2531
401 3.514473E-04
402 4.18653E-04
403 53.1425
404 20.344
405 5.761976E-04
406 6.37996
407 37.5826
408 1.294625E-04
409 42.4107
410 92.3421
411 83.7215
412 48.9492
413 1.02555
414 58.9787
415 0.743567
416 60.0491
417 1.794088E-04
418 1.454841E-04
419 7.922817E-04
420 6.29393E-02
421 10.9466
422 4.460023E-04
423 3.175342E-04
424 0
425 9.742637E-05
426 0.147767
427 1.302496E-03
428 6.94772
429 23.5576
430 16.5935
431 11.6898
432 1.20285
433 31.9378
434 93.7165
435 5.60775
436 15.2754
437 9.31942
438 0
439 1.413622E-04
440 5.954515E-04
441 26.1741
442 2.847981E-04
443 28.8893
444 34.309
445 146.575
446 85.3137
447 15.4695
448 85.5845
449 13.5536
450 55.0496
451 30.5133
452 2.578154E-04
453 80.862
454 0.165998
455 1.850852E-04
456 92.9059
457 29.3388
458 3.925938E-04
459 68.851
460 129.98
461 0.780329
462 11.7374
463 111.633
464 60.5815
465 24.6537
466 31.3883
467 1.324298E-04
468 115.345
