1 308.59
2 198.87
3 195.86
4 133.88
5 116.04
6 111.54
7 208.11
8 112.42
9 28.15
10 67.25
11 138.93
12 12.14
13 10.49
14 10.78
15 30.9
16 35.2
17 47.89
18 181.76
19 28.93
20 11.25
21 57.33
22 41.96
23 67.35
24 145.12
25 263.11
26 156.28
27 187.82
28 54.51
29 59.73
30 28
31 64.31
32 35.78
33 63.98
34 256.72
35 126.74
36 130.85
37 306.24
38 207.67
39 283.26
40 302.07
41 328.41
42 501.8
43 685.74
44 517.35
45 209.39
46 139.11
47 229.8
48 112.64
49 22.53
50 68.51
51 103.61
52 29.35
53 108.74
54 146.23
55 71.36
56 104.41
57 38.47
58 20.6
59 24.62
60 30.9
61 98.13
62 75.59
63 71.3
64 200.21
65 404.77
66 234.56
67 62.57
68 56.63
69 19.61
70 19.21
71 31.05
72 83.51
73 23.16
74 12
75 43.25
76 27.22
77 128.87
78 26.97
79 78.91
80 63.86
81 62.02
82 44.85
83 107.94
84 110.56
85 448.78
86 121.11
87 289.44
88 110.48
89 172.25
90 199.27
91 138.53
92 26.79
93 44.84
94 138.31
95 64.39
96 94.6
97 87.93
98 149.75
99 47.02
100 53.49
101 35.56
102 139.55
103 66.08
104 51.26
105 77.22
106 121.93
107 34.75
108 38.85
109 50.58
110 19.57
111 31.44
112 16.66
113 38.94
114 23.63
115 63.78
116 47.09
117 40.96
118 120.74
119 36.93
120 43.81
121 85.4
122 45.32
123 55.77
124 37.19
125 68.76
126 194.43
127 47.68
128 63.55
129 58.26
130 54.45
131 109.78
132 102.41
133 149.8
134 59.32
135 38.03
136 129.52
137 130.59
138 34.11
139 73.08
140 64.07
141 66.07
142 24.05
143 44.34
144 111.05
145 28.59
146 66.05
147 100.55
148 21.77
149 41.39
150 25.7
151 49.35
152 18.39
153 74.32
154 31.74
155 106.05
156 17.09
157 19.79
158 52.27
159 35.98
160 81.2
161 65.44
162 15.66
163 14.69
164 36.78
165 11.9
166 42.21
167 27.6
168 38.01
169 42.84
170 23.09
171 28.41
172 41
173 201.39
174 53.32
175 22.67
176 50.91
177 48.12
178 85.99
179 115
180 108.38
181 61.67
182 28.32
183 46.86
184 53.56
185 39.97
186 85
187 27.81
188 36.87
189 44.03
190 39.07
191 30.43
192 34.31
193 28.26
194 37.33
195 37.59
196 29.2
197 10.19
198 117.04
199 14.64
200 28.67
201 78.86
202 49.5
203 36.97
204 88.62
205 111.25
206 213.43
207 68.14
208 76.53
209 134.35
210 28.32
211 40.44
212 36.61
213 34.72
214 50.56
215 49.65
216 37.74
217 14.67
218 32.17
219 22.16
220 21.7
221 54.2
222 88.87
223 34.92
224 159.52
225 107.13
226 120.19
227 223.01
228 133.79
229 95.07
230 41.01
231 32.68
232 26.66
233 79.95
234 29.72
235 34.35
236 122.95
237 25.22
238 20.65
239 21.28
240 32.26
241 30.55
242 35.87
243 31.3
244 52.18
245 28.78
246 60.6
247 32.76
248 33.74
249 13.87
250 31.9
251 47.8
252 45.49
253 23.55
254 84.63
255 43.65
256 20.47
257 40.96
258 155.75
259 38.41
260 40.98
261 125.36
262 18.12
263 24.31
264 92.52
265 167.61
266 49.8
267 36.26
268 61.72
269 200.74
270 138.11
271 88.84
272 88.54
273 236.3
274 102.27
275 184.04
276 122.5
277 266.67
278 192.84
279 232.32
280 88.36
281 55.6
282 135.92
283 58.75
284 54.39
285 43.88
286 19.45
287 27.69
288 50.3
289 100.3
290 50.09
291 87.76
292 78.76
293 60.26
294 51.8
295 21.77
296 32.63
297 33.13
298 77.56
299 170.7
300 85.54
301 41.06
302 52.35
303 59.06
304 74.44
305 125.76
306 97.55
307 284.44
308 193.74
309 59.84
310 166.25
311 18.54
312 120.64
313 20.81
314 41.24
315 133.45
316 97.28
317 76.59
318 218.54
319 53.87
320 189.48
321 181.23
322 61.28
323 69.59
324 24.22
325 47.96
326 32.34
327 25.57
328 42.06
329 53.4
330 13.49
331 14.82
332 8
333 167.61
334 44.21
335 46.44
336 83.69
337 139.76
338 288.22
339 476.98
340 120.71
341 80.62
342 293.84
343 98.34
344 116.48
345 72.62
346 54.37
347 106.15
348 59.96
349 22
350 47.92
351 28.91
352 121.48
353 8.96
354 35.04
355 45.95
356 73.07
357 74.5
358 60.45
359 131.79
360 27.01
361 17.29
362 39.09
363 70.82
364 50.71
365 67.91
366 32.34
367 68.92
368 28.86
369 100.38
370 31.49
371 24.53
372 87.94
373 19.67
374 22.31
375 57.01
376 21.39
377 21.25
378 56.69
379 57.84
380 251.59
381 189.39
382 73.61
383 243.92
384 166.26
385 155.79
386 204.79
387 167.56
388 64.03
389 45.93
390 105.38
391 86.43
392 27.27
393 9.63
394 53.71
395 25.4
396 40.52
397 44.54
398 32.79
399 19.81
400 20.63
401 63.84
402 21.08
403 64.57
404 29.12
405 24.6
406 27.12
407 56.02
408 10.64
409 25.99
410 56.03
411 96.6
412 24.83
413 27.06
414 53.95
415 43.56
416 49.72
417 19.91
418 67.52
419 62.09
420 27.19
421 106.22
422 42.58
423 33.88
424 36.56
425 31.05
426 39.79
427 139.45
428 131.84
429 361.38
430 144.52
431 81.23
432 11.47
433 146.25
434 199.96
435 37.93
436 131.22
437 36.15
438 10.19
439 36.43
440 47.28
441 88.89
442 31.49
443 51.46
444 79.6
445 151.83
446 114.41
447 79.46
448 130.55
449 34.63
450 64.89
451 68.4
452 49.7
453 140.19
454 50.57
455 21.1
456 37.92
457 53.33
458 58.71
459 120.24
460 139.88
461 31.05
462 43.98
463 142.19
464 64.6
465 115.41
466 93.21
467 105.86
468 311.88
