3.7936
6.79714
7.88767
8.45229
9.53156
9.89995
3.78394
6.09608
9.78902
8.61003
9.7248
9.92857
6.68308
6.43063
7.12639
3.7837
6.85923
8.41842
5.83827
8.24393
8.78848
5.96706
7.86061
9.81558
8.51299
6.35392
5.64862
8.08084
3.81907
6.90788
8.97406
9.09052
7.97942
9.32999
6.4107
9.4177
9.93886
9.31147
8.40103
5.38116
4.58174
5.8841
9.09399
3.8233
6.53374
8.61111
6.737
9.63458
9.83131
8.32971
8.72382
8.06006
6.02624
9.6666
8.7448
9.7267
9.98825
9.32039
9.22624
8.96813
8.96275
8.49095
4.78472
6.47227
7.5678
3.80995
5.442
4.9202
8.62883
8.48919
9.02112
9.3237
7.7984
8.8351
9.69484
6.7225
9.42487
3.78744
5.42341
8.67163
9.27116
8.93395
8.28074
6.73299
3.82229
6.47925
9.32002
7.93959
8.81809
9.42633
3.7893
6.30141
9.34537
9.18749
9.99925
8.69605
5.6248
5.36716
7.97143
8.45683
8.14104
3.79649
5.88871
9.61933
9.76672
7.89882
6.07889
6.2555
9.46677
9.6529
9.11804
8.99891
6.70475
4.57917
6.31023
8.15797
8.1916
3.78274
7.18583
7.44169
5.65655
5.93164
6.34849
8.79223
9.71076
9.38594
6.16816
5.40778
6.39166
8.34515
8.50074
9.03923
8.57051
5.87784
9.15161
9.2585
3.76973
6.67195
8.48193
9.99092
8.35665
5.08061
5.68989
4.17108
5.29461
7.69904
8.07097
8.7078
9.57882
9.57822
9.62588
8.63802
9.63358
7.49096
5.86809
4.44234
6.6065
9.20396
9.77447
8.1558
9.82649
8.95732
3.78249
6.95289
7.93092
6.77099
8.45279
6.41143
4.96961
6.47904
9.31087
9.50288
8.57069
8.36184
9.69865
7.81599
4.55748
4.94616
6.21823
6.16083
4.63175
8.39469
8.54068
8.40586
3.80509
7.11796
8.15061
5.26777
4.2111
6.62772
9.5108
9.79297
8.82432
9.93203
7.14777
6.80719
9.14121
9.25139
5.5244
6.08857
5.31253
5.29331
5.6139
8.84133
9.17212
3.79599
6.86463
9.29246
7.63125
6.71712
9.14188
9.72549
7.35819
5.49497
5.42274
7.59614
9.96224
9.92975
9.96849
9.17844
9.25984
9.10143
6.82102
5.55381
6.32821
8.09392
9.22014
8.00002
9.36532
3.78274
5.98717
5.49026
5.96893
7.64277
9.84927
7.33842
5.60289
5.60384
8.5603
8.79464
9.67426
8.77071
9.52943
6.72202
8.92776
9.63615
9.55299
9.5579
8.54958
9.93899
8.62368
9.68987
3.84185
5.47094
5.5809
5.17143
8.22269
9.8279
8.40299
9.14701
9.62226
6.53224
5.22449
6.45409
5.70489
9.2788
9.92084
9.42401
9.49021
9.19861
7.29522
9.03582
8.15671
3.81466
5.87716
5.70253
6.98676
9.23675
8.05356
9.3407
8.77967
9.73268
7.55787
9.77869
8.09402
9.89018
9.7206
8.61711
9.24936
6.93568
9.88079
9.92836
7.93978
7.90881
6.74787
9.56944
8.61241
9.92205
3.74141
6.01615
7.27602
6.88069
9.30249
9.19285
5.98402
7.44058
9.33547
8.94282
9.63669
9.72839
9.83159
9.49207
5.83329
5.12175
6.97739
8.11122
9.91031
3.81798
6.01925
9.63144
8.60911
9.62593
8.37487
5.28767
4.80928
6.41211
5.39446
7.97592
9.72031
9.63627
9.43047
9.38236
9.81851
8.66697
8.10847
5.31024
6.60518
9.52719
3.78436
6.5236
7.9969
9.02242
9.12725
7.92779
6.44114
6.4132
5.5472
4.22516
4.86562
8.21672
8.71029
8.72317
9.76309
9.68726
8.82694
8.98205
9.63593
3.82482
5.64167
8.77727
8.45193
6.80605
5.75138
4.71073
4.93411
6.36169
4.78575
6.13728
5.84654
8.47264
9.68398
9.95401
9.56159
3.82549
5.6153
4.62962
7.24804
9.25351
7.75539
8.92994
7.03701
6.67947
8.41749
9.85426
7.25406
8.54549
6.38558
8.67444
3.79535
5.594
8.18571
8.5875
5.98748
7.73693
7.63924
9.25234
8.25361
7.75341
7.02553
8.13481
9.40671
9.49857
9.55514
8.7774
3.74865
6.47391
6.60488
5.4499
7.13871
7.79292
9.89408
9.35306
9.55412
3.79844
6.05091
6.38094
9.41725
9.45195
9.88872
3.79547
5.88754
9.33816
9.95576
8.52229
9.1537
9.86155
6.57753
7.394
9.46615
3.8121
6.40078
9.75768
8.93252
6.66743
8.66168
9.34439
7.23505
6.58651
8.61094
6.58783
6.82369
3.78997
6.72918
9.4202
8.5509
8.99346
5.91327
4.38274
7.63623
8.19417
5.82624
9.26
8.03211
8.75136
7.15724
9.83889
3.86634
6.94015
9.4099
8.59348
4.7821
5.88539
8.44484
7.26253
3.81835
6.14432
8.50001
9.18434
9.89034
7.02498
7.94899
9.20016
3.85054
7.06374
8.23266
6.82162
9.16074
9.97605
6.53956
8.72861
6.99673
7.65369
9.76777
9.12403
9.1438
6.18054
5.4416
7.79511
3.84073
5.37728
5.88006
8.04794
9.59502
9.93614
9.38293
7.09406
9.18655
9.11022
9.91822
9.16653
6.19956
6.31476
4.73542
3.7445
7.3962
8.83366
7.62679
9.2891
3.78115
5.66691
6.11335
6.6149
8.93462
9.25718
7.69875
7.57913
7.28078
4.84904
8.3324
9.47704
6.88965
7.82279
8.90126
6.43367
7.86999
3.81381
5.36235
5.13096
5.94626
8.38231
9.9213
8.92949
8.44795
8.70824
7.73172
9.31965
9.5782
8.09419
8.07411
7.09106
9.55694
9.01517
3.80289
6.02402
5.972
6.72867
9.19968
7.27043
7.35788
9.38603
8.8051
3.82557
5.37392
4.99
6.02853
7.53995
8.7944
8.60735
9.75565
9.13457
3.78995
5.37396
5.60241
4.922
6.40394
9.0889
9.89814
8.98959
7.94009
6.58018
8.63449
9.29983
9.99667
3.78557
6.10681
5.81202
4.69982
6.21354
6.20138
5.52522
7.54392
9.55965
9.49785
8.1857
9.09451
9.18111
3.81135
5.89322
5.35837
5.61215
6.49767
5.94123
9.06704
3.79931
5.51412
7.07216
9.43755
9.67214
3.83557
7.16454
9.76307
9.44496
3.81375
6.39947
8.22849
9.78924
8.73398
9.8341
9.34177
3.8089
6.72895
8.54376
3.82418
6.95161
8.41442
9.40686
9.79252
9.79722
9.16532
6.3581
8.38102
3.84475
5.38529
7.9323
8.25012
8.86277
9.84538
8.08353
9.6976
3.80808
5.76045
5.18433
8.95675
9.92691
9.56585
6.66521
8.74698
9.0714
8.39071
9.25264
2.97099
5.13735
8.45848
8.28302
8.99674
3.78745
6.10692
5.60703
8.88015
9.43592
9.88877
8.81472
8.20792
9.45882
8.83311
3.79399
5.50901
7.66702
9.47954
8.99608
6.20029
5.39477
9.0853
9.42494
8.17229
9.8197
7.65592
8.88619
3.82444
5.42551
8.36305
9.37611
7.94869
9.59007
8.08838
6.9719
5.53868
7.06303
9.44382
7.01179
8.76366
6.72566
9.77729
9.8187
6.43816
9.01919
9.61847
3.83105
5.33052
5.93599
5.73931
8.09739
9.17352
9.6788
8.80103
9.96171
6.78355
9.71297
3.81844
5.40677
4.61911
5.05714
8.58515
9.23391
8.06137
9.61273
9.8024
9.33499
9.35855
3.79258
5.85052
6.40703
9.39622
7.98213
9.60779
8.68549
3.80536
5.87294
7.41664
9.13527
9.55331
9.63901
3.7911
5.26988
5.7383
6.55935
8.89415
8.3554
9.30172
9.78083
3.87016
5.683
5.10446
6.03949
8.3104
9.77667
9.48686
6.94395
9.80844
7.93485
9.10083
3.85551
5.57343
5.64409
6.14689
8.65401
9.92758
8.3987
6.92947
9.08413
9.1147
3.79969
5.7166
5.01722
5.99607
8.44696
9.90714
9.99441
9.29732
8.10725
3.8167
5.28108
5.02561
5.91946
8.51365
9.36488
9.94103
9.98118
9.9085
8.25124
7.56922
8.75238
8.03502
3.77097
5.41664
4.8273
6.06364
8.23441
9.88222
8.58155
9.77407
9.83329
8.71078
9.36383
7.05699
6.56478
9.59149
8.96161
6.22921
8.56535
7.18363
9.62917
3.82039
5.44321
5.25169
5.94081
8.74991
9.59524
8.64941
9.00276
9.23165
6.29055
9.17762
9.15855
3.81281
5.40808
4.61191
6.13549
8.56917
8.43731
9.28341
9.66714
9.55647
8.54052
8.78986
9.52803
8.25883
9.60968
3.82604
5.3341
5.41003
6.27488
4.88964
7.67003
8.62417
8.51772
9.77164
8.29807
9.10382
7.4089
7.77598
9.15843
9.29323
9.1514
9.92339
9.1542
9.50733
3.80465
5.52083
5.2605
5.23899
6.7685
9.10493
9.26502
9.82665
6.0396
6.51978
6.46132
9.695
3.81903
5.80033
7.53478
9.961
9.01673
9.98839
9.85579
9.9169
8.51565
3.79215
6.03536
9.3288
9.60264
8.96279
6.59437
6.77918
9.06326
7.36765
4.95766
8.44692
9.93111
8.3464
9.19757
3.80813
6.27447
9.19735
9.57708
8.89748
8.95273
9.2225
7.58181
5.08416
8.07933
8.61651
5.80506
6.77337
3.79931
5.65943
7.4585
9.61538
8.31516
6.22837
8.8886
9.29959
9.18627
9.79841
8.72561
7.75215
7.40672
9.55492
3.79266
7.05693
9.38597
8.82306
6.21594
4.20273
5.89236
8.7885
8.81469
3.76753
6.95191
9.7835
8.77192
8.14418
4.67314
4.53702
5.99426
7.04331
8.94493
8.88259
7.74443
3.79868
6.3112
9.95899
8.32957
6.26912
6.21564
5.25983
5.96533
8.2671
9.46591
9.96644
7.4202
9.48044
9.81973
8.07631
3.76757
6.85148
9.75982
8.68823
6.19524
4.84967
5.85166
7.42802
9.58278
9.94473
9.70816
7.67685
9.13292
7.65586
9.71348
9.39354
9.34961
9.03746
3.77853
6.88614
9.37383
9.87861
9.43238
9.52954
6.91254
6.34721
5.04536
6.36711
8.73972
9.31506
9.92775
3.79541
6.16835
8.69872
9.41553
9.54533
8.24934
5.22221
4.4991
5.44278
6.83873
6.56015
9.94514
9.58458
9.52589
8.74839
9.54748
9.6434
9.07646
3.80237
5.84239
8.75846
7.80587
7.93495
9.30157
9.11818
9.82854
7.25472
7.04993
6.43486
5.04713
7.09726
8.20521
9.25362
8.78249
3.79873
5.53083
5.22322
6.85062
8.76844
9.55643
8.55647
9.8159
9.13912
9.21709
7.06855
7.30322
7.85408
9.29693
6.61344
8.59729
8.84653
3.82495
5.31372
5.44469
5.96046
7.50541
8.93169
7.05136
9.65564
9.21034
6.89435
6.88465
8.87378
9.75951
6.68115
6.75522
6.55478
9.0603
7.65222
9.49929
9.79073
3.81568
5.6033
4.97527
4.38376
6.38119
6.24826
9.27227
9.82923
9.02845
8.72187
7.31034
7.20169
5.02475
8.0464
9.51227
9.95715
3.82868
5.63408
5.57334
8.93075
9.13265
8.73022
6.85657
9.21758
8.20472
5.04356
7.67607
9.2239
9.50934
9.85805
8.82856
3.82179
6.21602
9.009
8.27588
9.23287
9.94029
8.82301
5.74043
5.27752
7.37673
7.96534
4.9462
5.69202
9.0687
9.53199
9.09662
8.44305
9.70589
8.90198
3.84601
5.51383
4.90064
5.77339
6.82301
6.72068
5.26048
6.01392
9.2731
8.18665
9.20867
8.04177
9.90427
7.9114
3.81267
5.80492
7.66734
8.4808
8.19817
7.62195
6.81399
9.01182
7.04325
9.02131
9.03151
3.80781
5.77293
7.35417
8.67294
9.42664
9.84121
9.60606
6.057
7.39319
6.00206
7.4139
3.78893
7.01083
9.14154
9.33022
7.83201
5.48402
8.16366
7.01529
6.28092
9.2407
8.77556
6.71866
8.02909
9.57554
8.02803
3.78445
6.85375
8.01315
9.26564
9.6962
8.85172
9.3803
9.46157
5.95834
8.4986
7.95581
7.64232
3.78101
6.41098
9.3124
9.17577
9.85922
9.87295
3.78719
6.43509
8.79026
3.79522
5.79142
8.66952
8.04996
7.88845
9.82752
9.70529
3.80659
5.39475
5.37967
6.74261
8.7965
3.82687
5.44694
5.39412
6.23538
9.00899
3.81667
5.6957
5.09989
6.57819
9.14009
3.81563
5.21386
5.39254
6.76344
9.01654
3.7888
5.64152
5.44779
6.52721
8.89945
8.79261
8.26143
8.91774
3.82334
5.4612
5.29694
6.367
8.63493
3.77232
5.49528
5.07253
6.00854
8.71686
9.86876
3.79097
5.30108
4.82354
6.23578
8.53408
9.96914
8.59007
3.80575
5.39873
5.28792
6.16702
8.81415
9.84658
9.11928
7.3182
9.48439
7.9606
9.62679
3.78449
5.47742
5.07951
6.48953
8.78536
3.8167
5.56385
5.48396
6.5688
9.24031
9.92553
9.43331
3.78821
5.23265
4.74034
6.42072
8.3232
9.53929
9.38007
8.7475
6.95533
9.61542
9.12502
6.7969
7.55739
3.79952
5.36912
5.42343
5.93694
8.44424
9.83705
7.77152
9.90022
3.80335
5.49927
4.66876
5.78208
8.40953
8.5619
9.98562
9.8261
3.81512
5.41233
5.13016
6.10064
5.19309
6.22306
6.36149
9.47061
9.7753
3.8157
5.26453
5.04975
6.21606
6.52692
7.9501
8.36331
9.57139
3.79575
5.83905
8.05173
9.7399
3.81906
5.63777
8.60547
3.8245
6.23306
9.24438
3.84448
6.34916
9.37448
3.80541
6.52149
9.50121
9.78882
8.31366
8.29595
8.39193
3.80257
5.90038
9.57649
8.6457
6.39762
7.5151
6.75344
8.77479
3.79848
6.82067
7.27249
7.46033
4.80206
6.09918
7.43469
9.61029
9.85666
9.38726
3.79593
6.65184
9.49666
7.15535
8.59479
6.13497
5.06379
5.91336
8.52904
9.6412
3.83177
5.96638
7.03525
9.86283
8.5146
5.88605
4.27329
5.51209
6.516
6.88444
9.52607
9.03895
8.49018
8.64067
3.78157
6.60531
9.67721
9.13802
9.90712
9.21124
8.4348
7.10114
8.37931
7.86802
6.41372
5.35758
6.47646
8.17228
3.82201
6.18692
6.2755
7.01913
9.94898
8.90748
9.87934
9.30066
8.34871
6.21523
5.00938
6.37636
9.28124
9.50782
3.82023
5.4646
7.88979
8.78841
6.41811
5.34543
7.69066
9.07667
9.27356
3.8238
6.1131
9.37544
8.71723
7.78878
8.5484
9.13304
9.67741
7.26475
9.06843
9.99955
3.84497
6.08371
8.06176
8.82604
3.84688
6.14162
8.22516
6.63201
5.66133
9.28262
7.00222
9.08135
9.8589
9.22673
3.80197
5.50535
5.48559
6.00617
8.62522
9.91159
8.65749
3.7968
5.54711
4.93505
6.06233
8.46301
8.69373
3.80323
5.47905
5.35718
6.24925
9.10918
8.62165
3.79012
5.38056
4.81194
6.63436
5.46064
8.5506
8.82617
9.19951
6.572
9.90587
8.67294
9.76993
3.79952
5.38475
5.56776
3.89871
7.62971
9.21778
9.16173
8.59967
9.07039
8.5783
3.80498
5.37601
6.31622
9.9826
9.77097
9.60958
8.24891
3.84515
5.91455
8.85256
8.682
6.95637
8.89096
7.91028
3.82469
5.96317
5.09553
4.75859
8.42243
8.80901
7.62347
9.73622
9.89276
3.79861
5.58603
6.0327
8.66429
9.12656
6.43921
8.47862
9.70536
8.7368
9.75825
9.18018
3.77571
5.21714
6.67815
8.51108
6.19143
6.4677
9.35463
9.97357
9.9377
8.58432
5.9466
8.52858
9.08988
5.96541
5.78066
9.48494
9.97343
8.6216
3.81131
6.32015
8.83073
8.01593
8.66504
7.65958
9.5613
6.74897
5.65359
9.06758
9.06859
6.55102
8.13555
9.97264
3.81195
5.3405
5.56595
7.15792
9.75574
9.19478
8.19272
9.94633
3.78057
5.19602
5.04963
7.21303
9.32573
7.18037
9.39593
9.94084
9.19864
3.80991
5.48801
5.79722
7.14139
9.30225
3.78571
5.26472
5.0884
6.38168
8.60569
9.84824
9.54524
9.73494
9.16221
3.83966
5.63103
5.29505
6.26592
8.81121
7.31732
7.47484
9.81042
8.16539
5.61683
9.13661
9.22013
3.80233
5.24616
4.79752
6.13638
8.55937
9.72564
7.8372
9.41041
9.99082
3.79253
5.44845
5.06649
6.1974
8.64342
9.71208
9.68044
3.80627
5.26326
4.95531
6.05815
8.32322
9.59395
9.57232
9.61653
7.1375
8.92441
9.66459
8.41294
3.84111
5.6075
5.25447
6.0023
8.50912
9.965
6.65762
8.18675
9.75497
6.9384
5.9118
9.71793
8.62094
3.81909
5.44035
4.93449
5.93633
8.59976
9.80601
8.84793
3.81624
5.45833
5.03402
6.17926
8.51675
9.96117
9.45952
3.80932
5.36026
5.28502
6.09563
8.67465
9.90602
9.71275
9.62946
7.73063
9.72231
9.26173
9.57651
6.38611
9.28444
8.95985
8.75599
3.80338
5.73377
5.29923
6.47059
8.80105
9.87479
7.17066
9.77973
7.25044
7.51109
9.18152
3.81653
5.39254
5.24648
6.08409
8.52757
3.77542
5.35899
4.94963
5.70942
8.86105
9.8382
9.76279
3.80384
5.66898
5.67844
7.20016
9.91457
8.6541
8.40473
9.60707
9.48803
7.35014
9.33176
8.00247
9.92819
3.8189
5.82685
7.0191
9.41733
9.15562
8.64707
3.81477
6.48639
9.08825
9.88924
3.85206
5.55529
6.17576
9.20694
3.8543
5.3933
7.33598
8.70584
9.67804
8.98134
3.78132
6.45517
9.24273
9.84487
3.79305
5.61079
6.95268
7.65427
9.21578
3.84041
6.6061
9.1958
7.77101
4.59042
6.25422
8.6396
3.81369
6.90723
9.79921
6.04686
5.09598
6.32729
8.15801
9.4265
9.65466
3.79736
6.83429
9.86696
9.54208
9.59934
7.56071
5.9972
4.75288
6.44457
8.55016
9.56635
9.93806
3.77965
6.24834
7.59724
8.976
9.48753
8.97913
8.30618
5.57805
4.86348
5.34832
7.16129
9.69664
9.78371
9.27969
9.42766
8.80171
3.781
6.83183
9.85108
9.73585
9.83983
9.60822
8.6547
5.92669
9.07395
7.29413
8.03845
7.61765
6.62262
5.87255
7.89965
3.77987
6.34356
6.2427
9.97339
9.79573
8.1809
8.59991
9.09594
7.02701
8.66491
6.08873
6.46053
8.25416
3.81087
5.98377
8.92958
9.03574
8.78872
9.97036
6.79485
4.88124
6.51881
8.0715
8.57347
9.85152
8.7905
9.3053
3.80564
5.46224
5.54433
6.38706
9.00899
9.94642
8.44522
5.90343
4.96248
5.27289
8.85731
9.93908
9.3233
9.22331
7.66291
3.85298
5.71085
5.15619
6.72088
8.91074
9.96641
8.42248
6.71186
9.90886
7.05341
7.70204
9.92279
9.12466
8.01961
6.6052
7.66316
9.00488
9.78929
8.09904
3.8377
5.33716
5.26278
6.24897
8.75264
8.11487
9.22426
8.70398
6.80359
9.55047
9.8178
9.99947
7.18336
6.69446
8.54524
7.98811
5.34876
7.09576
9.97681
9.23023
7.31105
9.99993
3.79263
5.16164
4.56459
5.84995
8.30483
9.99096
9.5536
9.58144
9.92081
9.56815
9.42655
9.8553
8.88917
7.13086
9.57986
7.35693
9.8601
3.79844
5.53042
5.44075
6.1192
8.42987
9.48661
9.55787
7.92549
9.73791
8.54484
8.35322
8.71526
9.63448
9.97276
3.78947
5.47463
5.43954
5.87165
6.7541
8.64947
9.38946
9.9889
9.29194
9.86307
9.42765
8.71685
7.58734
4.83923
7.79519
8.91533
6.25264
6.98469
9.68733
9.40061
8.41677
3.7733
5.95408
6.27646
5.02669
5.71619
7.6765
7.99816
8.7308
9.93668
9.62086
9.05316
9.15718
9.49607
8.9428
9.73312
6.77862
9.91699
9.83557
8.9461
7.60694
3.80333
6.04741
5.90237
5.06145
5.28516
4.6264
5.00015
7.73185
8.75678
7.07153
8.08476
8.54114
9.20329
9.90697
3.79219
6.05795
6.79578
5.24269
6.19858
5.07254
5.64669
5.60887
5.01295
5.67798
7.59536
9.70471
9.12079
8.9903
8.23039
9.54815
3.80191
6.44855
5.76422
8.42593
8.5312
8.64744
7.42614
6.25302
4.25275
5.1674
6.46563
5.33335
7.18136
8.83987
6.18844
6.09388
9.78622
8.84993
3.82027
5.47017
8.08325
9.6821
7.97957
6.0804
4.29924
4.34176
5.41447
6.45829
9.53171
8.16668
6.83132
8.5071
3.8087
5.38741
8.24117
7.4895
7.13632
5.3921
6.72052
8.92488
9.09273
6.34985
7.73391
7.08851
8.86199
3.8096
5.98364
7.23978
7.33391
3.79911
4.60252
4.89318
8.00543
9.37551
9.03049
9.53457
8.61487
3.84367
6.78082
8.36122
5.61448
8.02862
8.63365
9.80538
7.433
9.91574
8.73474
9.05245
7.97005
3.83244
6.25105
5.42472
8.536
8.14212
8.71505
3.02794
4.44019
7.69966
3.81059
5.91328
9.53502
3.80162
6.6374
3.80061
7.06111
6.89064
9.30141
3.78901
5.50622
8.49935
9.74406
9.97236
9.17956
8.49223
3.80042
5.7984
8.80559
8.86963
8.77455
8.54624
7.6152
7.98571
8.28955
8.21214
9.77275
3.8279
5.53726
5.39395
6.51718
9.00619
9.92856
9.60638
8.392
8.76813
8.13024
3.82481
5.14039
4.69244
6.11658
8.21737
9.40287
8.5224
9.19145
7.75152
7.13491
7.46612
8.1605
7.22209
9.5755
9.95872
9.83365
3.78197
5.50778
5.32695
5.91272
8.35286
9.94975
9.08617
8.84111
6.68995
8.49887
7.39303
4.78758
6.10966
6.39486
9.52671
3.8246
5.41882
4.80393
5.64991
8.33033
9.69096
8.15467
8.88151
8.25049
3.78358
5.48968
5.13269
6.27159
8.80752
7.909
9.03314
3.79077
5.42683
5.12709
6.32607
8.79171
9.95277
9.92314
7.38233
9.36534
7.98929
9.0939
8.00097
9.49409
9.49035
9.48059
7.45515
9.58281
3.80321
5.3835
5.18929
6.24671
8.43604
9.72851
9.74241
8.7092
6.09112
6.98964
8.16923
3.82197
5.58776
5.38297
5.86429
8.15174
9.90109
9.87774
3.80952
5.61054
5.25494
5.67195
8.31928
9.77706
9.30839
9.36117
7.81978
6.58642
9.00572
3.83814
5.70719
5.18368
6.071
8.6514
8.51194
7.81399
7.77007
9.81449
9.12023
8.65734
7.45394
9.73454
8.10656
9.5741
9.32591
3.82434
5.3923
5.13984
6.25743
8.8288
9.90861
9.19727
8.7346
8.13147
3.79836
5.5327
5.05484
6.51008
8.85239
9.67164
3.81021
5.28178
5.12769
6.26463
8.69394
9.86685
9.80506
9.95902
7.25094
9.60488
7.00016
7.46251
9.19517
9.88407
7.75908
3.86224
5.39235
4.98554
6.21838
8.64403
9.88835
8.21509
9.04454
9.67627
9.39032
6.08075
8.13309
9.52163
6.68427
5.81025
9.60204
9.33745
3.78644
5.54187
5.28181
6.33162
8.81084
9.22083
8.99149
8.96093
3.79532
5.32227
4.97252
6.15276
8.54687
9.84655
9.90471
8.7807
8.06933
8.98116
9.61492
8.67172
8.90111
9.93621
3.80181
5.46977
5.18588
6.18353
8.66183
9.63634
9.80238
8.8652
7.67176
9.10396
9.15489
9.89357
9.91744
6.37736
5.50947
8.41733
7.76197
5.37317
7.7084
8.84368
8.73033
3.79745
5.45614
5.12709
6.15184
8.6169
9.44522
6.36816
7.63348
8.68263
7.36827
3.81586
5.48291
5.20603
6.22439
8.80263
8.74385
9.6808
9.03259
3.78108
5.49863
5.19317
6.4521
8.81079
9.38631
6.29337
7.4027
9.43417
9.96824
9.55876
6.55609
9.31328
9.96299
6.84762
6.87697
9.23312
3.81948
5.45557
5.26203
6.233
8.64644
9.43511
8.28646
9.38586
7.3546
5.71739
9.34737
9.86665
7.17042
8.95633
3.79341
5.38939
5.09345
5.96696
8.61608
9.40538
9.5085
3.80153
5.6483
5.45239
6.65216
6.1834
8.74625
8.9606
8.86766
7.40484
9.49751
3.816
5.5901
5.44027
6.496
8.11292
9.29964
9.17902
8.5559
9.40088
7.59982
9.59973
3.79334
5.32077
8.01265
3.81182
5.99916
9.37271
3.85684
6.28445
9.17832
3.80686
5.89794
8.40397
9.5827
3.78809
6.84141
9.40745
3.814
6.84579
8.99081
3.80191
6.73314
9.46123
7.9352
5.52163
7.58811
3.85266
7.43921
8.13307
6.05513
5.53902
7.17987
9.33314
3.83692
7.13569
9.92388
8.468
5.0661
5.4844
5.18807
5.9646
7.33758
3.79823
6.29843
9.92686
8.88506
7.57795
8.74891
7.12703
5.51273
5.5497
8.55131
9.88061
9.64759
3.82813
6.74955
9.34541
8.9725
6.23444
3.89367
5.83439
6.62976
9.81148
8.62968
8.752
6.80885
8.8181
3.79279
5.98881
9.50505
9.51901
8.1519
8.32073
8.18153
7.52746
5.77854
5.37563
5.89781
8.62803
9.74674
8.80487
9.68891
3.78697
6.3623
9.62843
8.08165
7.67331
8.12296
5.95795
4.42759
6.00263
8.42657
9.92308
9.26396
8.6016
3.80066
6.15857
8.92942
8.9131
7.39528
5.94849
9.19274
9.94375
9.33665
9.49209
6.43725
6.19586
5.76226
8.37222
8.66963
8.61797
9.49216
8.49676
7.04529
9.305
9.64538
3.81832
6.33862
9.68084
8.28412
7.87609
7.6365
9.41854
8.18805
6.042
6.92608
5.72564
5.00876
6.81585
7.56204
7.98553
9.94764
7.74762
3.79851
6.48747
9.18202
9.7115
7.46862
9.58221
8.50875
8.50177
9.41421
7.11058
4.49891
6.16468
8.47057
9.68474
9.30825
5.54342
7.26452
9.52533
7.2794
6.06416
9.74984
9.22322
3.80863
6.85984
9.28637
9.59307
9.11625
5.54066
7.7932
9.36208
6.87587
5.71695
9.52195
9.36941
9.06836
9.37755
5.86313
4.95224
5.82855
6.93941
9.47681
8.33822
9.86832
9.21938
3.82584
6.30338
8.6002
7.83688
8.51001
7.35137
9.7044
8.60907
5.54131
8.29128
9.07091
8.59944
7.47111
6.25567
4.88641
6.243
8.97249
9.78803
8.89898
3.82465
5.58481
5.40228
8.65869
7.776
8.73054
8.44568
4.87031
4.55368
7.37521
6.40169
4.98679
7.98739
9.48128
8.5721
5.58642
5.03364
6.21339
8.01102
9.73591
9.337
9.45503
3.8224
6.17041
8.8659
7.89672
9.51917
5.93502
7.48256
8.51077
8.13866
8.93874
5.2022
5.26221
5.03196
8.14198
9.53946
8.37335
7.03293
8.25689
7.97635
3.84056
5.41757
5.21817
8.4388
8.86442
6.22235
7.35563
8.9115
8.66801
7.40643
9.55369
3.80708
5.28115
7.31216
9.07537
6.85876
5.83138
9.62251
9.67359
9.74197
3.81434
6.26166
8.8601
8.11158
7.5788
3.85537
5.33815
5.21517
6.05516
8.45835
9.4778
8.89163
8.88399
3.78785
5.49778
4.99491
6.05561
8.40673
8.91486
3.78081
5.48642
4.99136
6.00576
8.82856
9.6083
9.73991
7.70345
5.48821
8.12532
9.39126
8.75065
3.78318
5.06544
4.46116
6.29938
8.39036
9.6914
8.98996
6.35866
4.86756
4.4869
7.98876
9.06739
7.54186
9.35881
3.83923
5.38379
5.38061
6.26938
8.88701
9.9549
9.84765
8.0114
8.06817
7.73877
3.77372
5.32861
4.74427
6.17396
8.42315
9.76526
9.81092
8.82876
8.82679
6.9305
7.89282
8.65428
3.82588
5.51784
5.49818
6.20134
8.67787
8.98882
5.66047
5.95904
4.35055
7.74832
9.77498
8.46362
5.30636
5.2069
7.87299
9.16465
3.80288
5.38007
4.84063
5.84572
8.32692
8.71767
7.25886
5.30067
7.55778
7.63491
7.9762
7.92616
9.41668
9.19877
3.79445
5.61077
5.43553
6.34779
9.23025
9.13333
9.07316
9.2091
8.32493
9.03448
9.85666
8.75438
3.84836
5.49267
5.02752
6.80774
9.38744
9.9461
9.17469
9.29567
8.3925
9.55826
6.08375
8.06626
8.90191
8.01482
9.36852
9.36752
8.7012
6.02035
8.46668
3.79393
5.36549
5.58909
6.90754
8.31829
9.10607
9.39961
9.82999
9.28804
9.38267
7.37627
9.54765
8.94908
6.61159
7.84753
9.16604
9.22525
3.82203
5.50802
5.62779
5.26181
5.95778
8.40385
9.51638
9.51885
9.53193
3.82415
5.96699
5.56526
4.45297
5.47695
8.29722
9.39811
9.70182
8.61651
6.12086
9.04354
9.99793
7.13823
7.47767
9.81384
3.83589
5.88639
6.66816
6.23369
8.15516
8.78799
8.8905
7.75209
9.10703
3.85367
6.75615
7.30104
7.44984
9.4091
3.80873
5.84202
5.64275
6.15593
8.63055
3.79836
5.36727
5.12421
5.91519
8.53062
9.69916
8.74899
9.54342
9.34807
6.80921
9.82387
3.79183
5.79482
5.4234
6.47465
8.83329
8.94974
6.63623
8.75024
9.61379
6.09537
8.37441
9.69056
8.41779
3.83951
5.39316
5.28532
6.31486
8.9699
9.59122
8.70278
9.74782
3.84623
5.57712
4.98771
6.30557
8.18418
9.4197
9.69328
9.08767
9.96265
8.27455
9.43898
8.63567
3.78464
5.20323
5.39473
5.30354
6.69086
6.22635
5.57582
7.23242
8.24583
9.78119
9.16309
9.32502
8.6815
3.79198
5.86294
5.91222
4.90232
5.01208
6.10032
9.13911
9.89777
8.48004
6.40601
8.01024
9.47582
7.74413
3.80848
6.2414
6.05395
8.01815
9.46607
7.19864
8.56727
7.76829
5.67506
8.67999
9.66947
8.27127
9.69571
9.62385
9.4567
3.82991
5.67354
8.09974
9.6192
8.71166
8.35875
8.18225
4.63948
6.81384
9.1835
8.50762
9.96397
9.41264
6.66838
8.9957
7.15748
7.53314
3.76651
5.39613
7.18581
8.04676
9.9309
8.28608
6.91115
9.75229
9.25989
6.01497
8.57274
8.20591
9.36609
3.82274
7.18533
9.39173
9.21902
6.39673
7.8969
7.99748
4.70289
3.73854
7.10138
7.18922
5.38528
8.88592
3.80474
6.52145
9.73056
9.76454
9.87238
9.9733
8.94365
6.00718
8.91332
9.82646
6.77348
6.55957
9.12426
3.78325
6.64035
8.14107
5.98486
6.35863
9.76477
9.82912
9.16046
3.7778
5.70263
5.50731
6.3291
8.55219
3.85157
5.42662
5.00452
5.68395
8.33081
9.60061
3.78503
5.45066
4.97842
6.09208
8.45532
9.77132
3.81353
5.5674
5.29464
6.03032
8.44835
9.78879
3.79098
5.24188
4.88823
5.75743
8.22851
9.66439
3.78034
5.73302
5.32417
6.24571
8.85294
3.81357
5.27285
4.82704
6.10807
8.52652
9.42719
9.86649
9.47952
3.7697
5.33898
5.13544
6.19542
8.35782
9.84872
9.66533
3.83429
5.5874
5.2517
5.91321
8.67902
9.71296
9.32564
8.91705
9.12268
9.43352
3.79238
5.41205
4.85226
6.16305
8.25804
9.2001
7.56765
9.09934
3.79188
5.41699
5.36122
5.77554
7.54862
8.55833
9.03463
7.98114
6.27056
7.3216
3.78235
5.47104
4.81506
4.49362
4.97046
7.23596
8.96312
9.15013
3.80355
5.58107
5.2303
7.18938
9.20408
8.78012
3.81008
5.89505
8.96108
9.76555
6.82403
5.8377
9.11096
3.79252
6.7382
9.75711
8.97652
8.74697
6.82885
7.54234
9.92756
3.75378
7.19715
3.76388
6.72563
3.78384
6.86196
9.59769
3.81797
6.07909
9.6458
3.79836
6.60049
9.80388
3.79932
7.1199
8.64149
6.8042
7.99988
3.79326
5.32189
5.06506
6.43312
8.5392
9.88752
3.80305
5.35563
4.97867
5.91334
8.5116
9.50274
9.84391
3.80135
5.27817
4.66826
5.97845
8.22824
9.27938
3.79486
5.41227
5.16594
5.8604
8.16486
9.7737
3.80061
5.38112
4.79805
5.46815
8.16009
9.88322
3.81775
5.55889
5.02491
6.04668
8.87884
3.81795
5.38106
5.1197
6.59133
9.05059
3.80048
5.51125
5.57782
6.5449
3.81568
5.61299
5.68869
8.66634
3.82455
5.96396
7.70809
8.22787
3.83187
5.67028
5.25258
7.14316
3.81405
5.72135
6.76286
8.51431
9.43609
3.8096
5.87436
8.2802
6.72268
8.23316
9.25008
3.80105
6.10372
9.01892
9.3479
9.58602
9.92258
3.79292
5.66469
7.37935
8.91449
7.61093
8.34162
9.5585
3.77135
7.16848
9.64734
7.83429
6.89256
7.37095
9.29509
3.80897
6.66997
9.76876
9.64906
6.53825
6.22447
5.02247
5.76042
7.25535
9.68636
9.62858
3.76835
6.35858
9.74192
9.49862
6.52586
7.94586
6.34575
4.92888
6.21983
8.5133
8.86253
9.45834
3.79359
6.41927
9.45394
8.88171
6.01364
4.9409
5.83389
5.33744
8.26544
9.877
9.72385
9.89696
3.83987
5.94326
9.66747
8.9754
8.75371
8.21975
9.71124
6.99242
6.08083
4.7858
5.67866
6.98209
8.98736
9.87613
9.58542
3.77885
6.77437
9.60963
9.36552
8.64911
5.95955
5.43277
4.50774
6.29221
9.85048
9.99462
9.20523
9.97897
9.6974
3.80647
6.12562
8.42892
9.21195
8.49003
6.40952
9.93396
8.69278
9.85066
7.30577
8.23198
6.29294
5.60794
8.69635
9.60281
3.83783
7.38332
7.7961
8.15899
7.67314
8.33915
8.41021
8.89735
8.01315
7.69218
5.34515
6.77531
8.13082
9.96749
9.43219
9.97733
3.82318
6.86053
9.72282
9.89676
6.30269
5.39064
5.87198
5.81747
7.30957
9.13718
6.70934
7.58833
9.00191
9.93474
3.7717
6.93207
9.45911
8.18324
6.42695
7.86417
6.41498
8.45411
8.71524
5.55981
7.98641
9.73153
9.45199
3.80321
6.53997
6.76068
7.7696
7.06947
9.42063
8.6597
7.41096
9.22557
8.81572
3.77322
6.68984
9.75633
9.79145
8.30795
5.50692
5.56527
5.93157
7.62465
9.68514
3.7859
6.15384
8.73192
9.73945
9.18555
8.53865
6.13669
5.53243
4.48463
5.8924
8.2109
3.77654
5.94672
9.64797
9.30513
8.58355
5.36116
5.26222
6.05551
6.20387
9.36372
3.74266
6.90411
9.99653
9.15276
9.22524
9.41178
8.18437
6.00094
3.63719
6.04911
8.43244
9.60042
3.77423
6.5742
9.41753
7.95711
8.38078
7.86538
7.72439
6.91471
4.26844
5.9294
9.29064
3.76492
6.92555
8.72933
8.68821
8.12456
6.02958
6.2867
7.4338
6.38689
8.39574
3.76335
6.60626
9.16555
8.1005
7.95892
5.9648
8.09036
9.55083
8.48656
9.31822
3.79787
6.65315
7.51363
6.89729
5.30172
8.671
9.8642
3.82219
7.10966
7.74602
5.11688
4.32911
4.89507
8.64998
9.14347
8.9684
8.81538
3.84816
6.86547
7.10308
5.75523
5.13312
6.47566
8.4583
9.11768
3.83572
6.39599
9.709
7.63922
5.08867
4.17265
6.11257
8.00542
9.53113
9.98816
3.81741
6.55297
9.25514
7.21716
5.40239
4.60366
6.3336
9.22244
3.82113
5.84972
8.67819
9.46993
7.56747
5.52477
6.75397
8.15161
9.10573
9.87045
9.49152
3.77837
5.57491
5.67966
6.52743
8.28544
8.2238
5.82972
5.14101
8.17246
8.8361
5.97219
7.57965
8.64041
9.74749
3.80042
5.65477
8.17604
9.27123
8.89357
9.69023
6.9239
9.79048
8.84898
5.11989
6.21428
9.70992
3.81376
6.21351
9.597
9.14354
8.65179
7.37471
7.41314
6.54001
9.65428
9.96971
3.80481
6.41279
8.87454
8.00078
9.09477
8.38176
4.8693
4.39063
7.56009
9.40653
9.46734
8.20781
9.65562
3.80047
6.07912
5.53327
7.94914
9.15584
5.66367
6.23206
7.75082
3.80503
5.81626
7.58639
8.06028
7.35233
5.07621
6.30819
5.90216
9.4756
3.79296
5.26858
7.85121
9.44101
9.60895
8.39129
8.23853
6.67101
3.79777
6.47837
9.60195
8.50129
8.20117
3.7708
6.85604
9.42301
7.94941
6.903
9.77593
3.80511
6.86545
8.31506
7.61957
8.94246
9.99917
3.78536
6.82352
8.70431
5.80357
5.82481
8.60833
3.7757
6.70028
9.24318
7.64727
5.85566
4.11632
6.51174
9.41273
3.80625
6.2794
5.32788
5.66403
6.31675
9.01448
3.79081
5.41768
6.64775
8.59118
3.81483
6.46307
9.69514
3.78626
7.09784
9.75492
3.76932
6.85863
9.26803
3.77752
6.24025
9.75047
3.80819
6.50932
9.7276
3.77632
6.40885
9.30634
3.83629
6.46624
8.92094
7.70725
9.29573
8.83772
8.70552
9.30458
7.71926
3.80562
5.67995
5.78068
8.57149
9.66464
9.16357
3.80484
5.36105
7.31537
8.88887
3.79847
6.61692
9.60873
3.86646
6.81182
6.94087
7.21819
7.24666
3.82861
7.11948
9.06797
8.5378
5.95186
5.67311
7.63627
3.79295
6.76556
7.8106
5.45507
5.51127
4.60615
5.83293
8.88734
3.78781
5.51521
5.26827
5.63178
6.8407
7.53574
8.73123
8.84087
8.16205
3.80576
5.40742
7.48875
9.75242
9.51098
7.89108
3.76912
5.66604
8.98225
9.40816
9.0685
9.64992
9.97815
3.75628
6.18731
9.15869
3.7617
6.39037
9.02377
9.39156
3.80298
5.77899
9.2044
9.92091
3.7928
6.47443
9.34793
9.1425
9.04891
7.49353
9.84671
9.6547
3.89035
5.76046
5.87595
7.8801
9.08383
9.23057
8.6752
3.79909
5.32171
5.55842
7.21243
9.0032
8.15438
8.98953
9.66886
6.50529
5.26304
8.82344
8.8425
7.16598
9.33549
3.7961
5.1542
5.12435
6.08958
8.6063
9.79355
9.13423
7.90578
9.9039
7.0103
9.52858
9.99534
3.81816
5.63429
4.97832
6.2184
8.65085
9.91001
9.524
9.73409
3.7919
5.25082
5.17122
6.18962
8.64997
9.61289
9.50838
9.97412
7.47089
9.85622
7.81646
8.13102
9.03844
3.80332
5.51124
5.03416
6.25044
8.47889
8.59106
9.88855
6.21237
6.82781
9.39814
7.68514
5.83328
9.39108
9.969
9.16686
3.79285
5.41755
5.17767
5.96459
8.65471
9.70522
9.78525
8.60052
3.78248
5.32435
4.70879
6.06616
8.3045
9.82687
9.81922
3.81736
5.44845
5.38421
6.08832
8.72886
8.23318
9.62897
8.96228
6.96181
9.36116
9.85555
6.83856
9.14949
8.58212
3.77924
5.44247
4.82935
5.9914
8.2421
9.58544
7.27088
9.88839
8.93162
8.58704
6.87945
3.80617
5.47235
5.49205
5.88155
8.06494
9.99588
3.81535
5.64364
5.30771
5.51434
7.58199
9.49442
7.57644
9.44652
9.1529
3.83098
5.84235
5.46021
5.38633
8.22297
6.96101
8.84638
9.21432
9.25103
9.87725
8.42403
6.47897
8.52777
3.80875
5.48056
5.96928
9.52201
9.61008
9.3837
3.83134
6.58938
9.19523
9.47268
3.84523
5.48399
6.02407
9.15497
3.79898
5.375
6.97465
9.51432
9.8349
3.85806
5.33729
8.66803
3.79686
5.68978
7.35577
9.91053
8.98887
3.82346
7.20684
9.39028
7.26619
9.35401
3.82467
7.04579
7.94233
5.14234
5.9459
6.91317
9.65883
3.81825
6.69325
8.85756
7.86994
6.03778
4.5323
6.08539
7.48674
9.50159
3.81354
5.48325
8.70651
8.81208
5.79947
5.70842
4.96674
6.22148
8.0286
3.80622
5.57309
7.27552
9.88598
9.15275
7.70592
8.23572
6.09084
4.81385
6.05417
8.43237
3.82595
7.21364
7.88223
6.23516
5.05688
7.59655
8.41009
3.81213
7.02398
7.40825
5.33413
5.66708
5.54375
8.17028
3.78699
7.28641
9.45488
7.47268
8.47768
8.26401
6.85248
5.25513
5.50613
8.4078
9.43839
3.80549
6.7949
7.2061
9.11644
7.34795
6.07945
9.87789
9.12755
8.79917
5.62346
5.20613
7.43297
9.94056
6.50305
8.29843
9.85079
3.79324
6.75113
9.94846
8.34114
5.77362
8.99649
9.76985
7.06385
7.64464
9.03748
7.84991
9.17478
8.69089
8.06586
5.75646
8.66801
3.8
7.04701
7.96654
9.77182
7.8588
8.85855
9.12936
9.47005
9.62032
9.78648
8.47406
4.9435
4.94286
4.40486
8.05378
3.79394
5.72988
9.19442
9.52765
9.43783
8.94302
9.72149
7.07552
4.85384
5.6792
7.17752
3.82108
6.4203
9.41823
9.94101
8.98876
5.56895
5.6299
6.09795
9.01244
3.79749
6.48061
9.35008
9.56939
6.46527
8.04743
6.82003
9.56585
9.57212
8.22347
7.93445
6.32536
8.54484
9.77334
8.59896
9.52306
3.7777
6.11976
9.77461
9.33096
8.21832
5.69303
7.4338
8.04042
9.70659
9.65274
3.78998
6.86786
5.70574
5.54059
4.91294
7.90689
9.51244
8.09756
9.09409
9.32058
8.70635
3.80801
4.96237
5.43569
5.69038
7.43248
9.61796
3.80603
5.3936
7.55086
9.0622
9.95689
9.99123
3.80101
6.91013
9.78148
8.91095
9.61815
9.58904
6.59206
8.58738
8.36164
3.78778
6.67603
8.91099
8.46568
7.22047
9.36755
5.9013
6.18112
4.78352
6.78004
9.70435
9.99609
3.80646
5.45141
8.68251
9.39094
8.86032
7.47026
8.55864
7.94937
4.78567
6.01015
8.2786
9.94011
3.7736
5.63711
8.10569
9.1514
9.54263
6.71053
5.48377
7.79937
3.81831
5.00757
5.46868
6.70251
8.86509
9.23393
7.08198
6.13603
6.37856
9.75787
3.76275
5.54892
5.15191
6.22151
8.83019
9.70771
7.28755
7.12978
9.56623
3.77052
5.53224
5.34813
6.53013
8.82165
9.89854
9.06272
3.81382
5.35174
5.17579
6.06176
8.17154
9.97868
8.38105
9.41344
9.21305
9.37379
7.0677
3.79159
5.59905
5.28598
5.63902
8.42899
9.9228
9.58264
8.26929
5.62755
9.06255
7.51965
8.26754
9.84267
3.84152
5.62319
5.03716
6.14069
8.70855
9.89785
9.36127
9.62455
3.8174
5.47163
5.42142
6.53252
8.89662
3.80656
5.55166
5.17244
6.28876
8.65067
7.79647
9.93384
9.3629
9.64299
3.82141
5.38499
5.08451
6.12627
8.95898
9.66284
9.7901
9.24524
9.48123
6.85384
7.53234
3.82973
5.46679
4.95641
6.68434
8.71237
8.8541
9.58893
3.80882
5.33856
5.50908
6.3083
9.04932
9.87211
3.79807
5.48832
4.75118
6.60109
8.95604
9.92265
9.99374
8.10656
9.96307
7.27069
9.9575
3.8179
5.34091
5.49583
6.95948
9.25898
9.50909
6.65919
8.9511
3.789
5.12919
4.77189
6.25317
8.54297
9.51819
3.79045
5.35838
5.26252
6.32563
8.59173
9.85037
8.98389
7.66224
9.72152
9.28079
8.94293
3.77814
5.61363
5.21979
6.03695
8.48529
9.40491
8.85853
9.17639
3.83337
5.34693
4.96311
5.98352
8.72793
8.67161
3.80083
5.55859
5.03458
6.39002
5.24622
8.01239
7.73103
3.81458
5.22245
5.29179
4.64181
5.8709
6.10097
8.72397
3.78903
5.72436
7.31109
8.99011
9.84651
3.82089
6.12846
9.08638
3.81257
6.26404
8.92109
3.79806
5.77422
9.25048
3.80845
6.32409
9.55427
3.77103
6.05522
8.5783
3.82229
7.47355
3.82644
6.97209
3.81909
6.48169
9.72407
3.78212
6.39332
8.16447
8.45678
3.81017
5.76429
6.73133
9.91613
8.50155
7.79159
8.1885
9.73791
2.92499
5.92694
8.30797
8.90086
9.45108
9.56769
6.01066
6.21071
8.34463
3.83373
5.546
6.27163
7.02452
8.25107
5.25973
4.3675
7.01752
8.68427
3.77914
6.75149
8.46068
7.76146
4.79246
5.46809
6.54666
9.15577
9.27224
3.8152
6.4249
8.47619
7.33149
4.15543
5.47797
4.35615
5.92101
6.42813
7.64093
9.11906
8.45384
9.4322
9.77256
3.80633
7.17528
9.24576
8.07922
9.46328
8.42062
5.38282
5.75706
4.52616
7.45673
6.33623
5.51927
5.41114
8.56649
8.60589
9.96769
8.75901
3.8143
6.46377
9.80224
8.68316
6.76861
9.26474
8.37487
6.88219
7.46084
7.4547
9.9369
9.10956
7.84095
8.90051
3.84406
6.8216
9.22122
7.91103
5.46402
4.90595
8.06692
7.90802
8.17534
9.64227
9.44586
3.80853
5.72754
5.00968
4.47615
5.88981
7.56181
6.42975
8.16511
9.34335
3.80228
5.76664
6.18218
9.00684
9.47898
3.77734
6.17167
9.49512
9.69802
8.91568
3.7728
6.4741
5.98608
5.85015
9.30807
3.77829
5.47116
6.74569
9.16021
3.82202
5.79087
6.79735
9.93773
9.88148
7.98475
3.7806
5.84169
9.40139
3.80148
6.4094
9.51354
3.81343
6.05688
9.19304
9.42985
7.77217
8.95379
3.78639
7.07443
8.68072
8.63337
3.79252
5.23872
6.39771
8.47075
9.04265
8.26637
8.60262
8.72809
3.81851
6.61084
9.51625
9.77097
8.99208
6.34716
5.75591
7.7115
5.64177
4.95736
8.72849
9.3919
8.23449
3.75359
6.27501
9.51334
9.40796
5.96523
5.61326
4.21851
5.34233
8.69142
8.21031
6.74451
9.94319
3.77126
6.32029
8.77317
9.38446
7.83353
5.48735
5.2142
5.97013
6.11115
9.84383
9.74194
3.74825
5.49706
8.51228
8.11442
5.75392
5.24057
4.57369
6.57024
8.63467
9.72729
3.8199
5.4723
5.51568
5.10355
4.91323
6.37519
7.84168
3.81759
5.5337
4.77292
7.05222
9.01391
3.79409
5.81141
7.95968
3.84072
5.28297
8.91212
3.78972
6.71148
9.94821
3.78551
6.65623
9.97304
3.79796
6.41338
9.13605
3.80078
6.27984
9.67174
9.6342
3.83287
6.75864
7.87258
5.86585
7.5688
3.81773
5.36899
5.50295
7.31944
8.98095
3.79578
5.34881
5.57021
6.28195
8.6259
3.83303
5.69709
4.88446
5.89569
8.59075
3.81443
5.18243
4.9332
6.19059
8.94442
9.60959
3.78157
5.49316
5.18215
6.74857
8.75574
9.93816
3.80357
5.4411
5.68441
6.43046
8.79161
9.83132
8.94454
3.79395
5.63582
4.8734
5.97191
8.57797
9.95199
9.82694
9.4018
3.80755
5.17901
4.97187
6.12074
8.48609
9.64035
3.79458
5.4931
5.17255
5.94748
7.8691
8.08204
8.98827
9.16077
3.78478
5.51589
5.41811
5.24987
5.7809
6.1191
7.59924
3.78876
5.75647
5.59054
8.0988
9.14934
3.78949
5.99211
8.3359
3.81184
5.2186
8.3244
3.77869
6.33759
9.27957
3.76294
6.08913
3.77598
